% *                                                                               
% *                                                                               
% E050A                                                                           
%      1979  10  15    2316 Imperial Valley, CA                                   
% Moment Mag=      6.5 Ms=          Ml=      6.6                                  
% station = El Centro, Array #5            component= 230                         
% epicentral dist =     27.0       pk acc =   -373.4                              
% inst type=SMA-1      data source = USGS                                         
% *                                                                               
% *                                                                               
% *                                                                               
%    -32768      1979       288        23        16         0    -32768	  -32768
%    -32768    -32768    -32768    -32768        90       230       101         5
%      7878    -32768    -32768    -32768    -32768    -32768    -32768    -32768
%    -32768    -32768    -32768    -32768    -32768    -32768    -32768    -32768
%    -32768    -32768    -32768    -32768    -32768    -32768    -32768    -32768
%    -32768    -32768    -32768    -32768    -32768    -32768    -32768    -32768
%  0.1700000E+39  0.2000000E+03  0.3264400E+02 -0.1153090E+03  0.1000000E+02     
%  0.6500000E+01  0.1700000E+39  0.6600000E+01  0.1700000E+39  0.1700000E+39     
%  0.3285500E+02 -0.1154660E+03  0.1700000E+39  0.1700000E+39  0.1700000E+39     
%  0.1700000E+39  0.2700000E+02  0.1700000E+39  0.1700000E+39  0.1700000E+39     
%  0.1700000E+39  0.2777778E+02  0.6500000E+00  0.1700000E+39  0.1700000E+39     
%  0.1700000E+39  0.1700000E+39  0.1700000E+39  0.5795000E+01  0.3674552E+03     
%  0.5645000E+01 -0.3733718E+03  0.1700000E+39  0.1700000E+39  0.1700000E+39     
%  0.1700000E+39  0.1700000E+39  0.1700000E+39  0.1700000E+39  0.1700000E+39     
%  0.1700000E+39  0.1700000E+39  0.1700000E+39  0.1700000E+39  0.1700000E+39     
%  0.1700000E+39  0.1700000E+39  0.1700000E+39  0.1700000E+39  0.1700000E+39     
%|                                                                               
%|ref - Porcella, R.L., R.B. Matthiesen, and R.P. Maley (1982), Strong-Motion    
%|Data Recorded in the United States, in The Imperial Valley, California,        
%|Earthquake of October 15, 1979; USGS Prof Paper 1254, pp 289-318.              
%|                                                                               
 2.2555E+0  6.7946E-1 -8.9661E-1 -2.3291E+0 -3.1872E+0 -2.6252E+0 -1.1164E+0  3.9227E-1
 1.9010E+0  3.4097E+0  4.6484E+0  5.4819E+0  5.1661E+0  3.1264E+0  1.0866E+0 -9.5321E-1
-2.9930E+0 -4.7807E+0 -6.1904E+0 -4.8110E+0 -2.7343E+0 -6.5762E-1  1.5691E+0  4.0207E+0
 5.1485E+0  5.3937E+0  3.9227E+0  2.4517E+0  9.8067E-1 -9.3163E-1 -3.1381E+0 -4.1188E+0
-3.9688E+0 -2.1229E+0 -2.7689E-1  1.5691E+0  2.6587E+0  3.3539E+0  2.4713E+0  1.5887E+0
 7.0608E-1 -1.7652E-1 -7.6492E-1 -1.7652E-1  4.1188E-1  1.0003E+0  1.5887E+0  1.8081E+0
 5.5162E-1 -7.0485E-1 -1.9613E+0 -2.5061E+0 -2.6247E+0 -1.0384E+0  5.4802E-1  2.1344E+0
 3.4541E+0  4.7072E+0  3.1136E+0  1.5200E+0 -7.3550E-2 -2.1084E+0 -3.5983E+0 -2.4667E+0
-1.3352E+0 -2.0368E-1  9.2786E-1  2.0594E+0  1.7792E+0  1.4990E+0  1.2188E+0  9.3864E-1
 6.5845E-1  3.7826E-1  9.8067E-2 -1.8212E-1 -1.4342E+0 -3.3343E+0 -4.0085E+0 -3.7810E+0
-2.2011E+0 -6.2109E-1  9.5887E-1  2.4517E+0  3.4323E+0  2.4517E+0  1.4710E+0  4.9033E-1
-4.9033E-1 -1.1768E+0 -6.8647E-1 -1.9613E-1  2.9420E-1  1.6562E+0  3.2362E+0  1.6426E+0
 4.9033E-2 -1.5445E+0 -4.0698E+0 -5.8731E+0 -3.8573E+0 -1.8415E+0  1.7433E-1  2.8112E+0
 5.8622E+0  4.8053E+0  2.7214E+0  6.3743E-1 -1.8878E+0 -4.7072E+0 -3.0183E+0 -1.3294E+0
 3.5957E-1  2.5742E+0  5.5775E+0  6.6576E+0  7.2569E+0  4.0391E+0  8.2131E-1 -2.3965E+0
-5.2956E+0 -7.2065E+0 -5.4833E+0 -3.7601E+0 -2.0370E+0 -3.1381E-1  1.4094E+0  3.1325E+0
 4.2087E+0  2.6968E+0  1.1850E+0 -3.2689E-1 -1.8388E+0 -2.4139E+0 -1.5842E+0 -7.5436E-1
 7.5435E-2  9.0523E-1  1.4640E+0  9.3864E-1  4.1328E-1 -1.1208E-1 -6.3743E-1 -1.1628E+0
-1.6881E+0 -2.2135E+0 -2.7389E+0 -1.2749E+0  7.0825E-1  2.7785E+0  3.6598E+0  2.7576E+0
 1.8554E+0  9.5321E-1  5.0995E-2 -2.1344E-1  4.7879E-1  1.1710E+0  1.8633E+0  4.5356E-1
-9.5615E-1 -2.3659E+0 -4.9524E+0 -6.8429E+0 -4.7726E+0 -2.7023E+0 -6.3199E-1  2.3209E+0
 5.8622E+0  7.2079E+0  7.3672E+0  4.9769E+0  2.5865E+0  1.9614E-1 -2.0921E+0 -3.7208E+0
-2.7112E+0 -1.7017E+0 -6.9223E-1 -7.3550E-1 -1.0420E+0 -1.3484E+0 -2.2555E+0 -3.5631E+0
-2.5094E+0 -8.6530E-1  7.7876E-1  2.5933E+0  4.6636E+0  4.5111E+0  2.8766E+0  1.2422E+0
-3.9226E-1 -2.0267E+0 -3.0074E+0 -3.8246E+0 -3.3226E+0 -2.8206E+0 -2.3186E+0 -1.8166E+0
-1.3146E+0 -8.1255E-1 -3.1054E-1  1.9147E-1 -4.5357E-1 -1.8633E+0 -1.1133E+0 -3.6343E-1
 3.8649E-1  4.7465E-1  1.2161E-1 -2.3143E-1 -5.8447E-1 -9.3751E-1 -6.1148E-1  1.6729E-1
 9.4605E-1  1.4133E+0  6.3454E-1 -1.4422E-1 -9.2299E-1 -2.5497E+0 -3.7092E+0 -2.1517E+0
-5.9417E-1  9.6335E-1  1.9286E+0  2.7459E+0  2.1271E+0  1.5084E+0  8.8960E-1  2.7085E-1
-3.4790E-1 -9.6665E-1 -1.5854E+0 -2.2042E+0 -2.8930E+0 -3.6285E+0 -2.7996E+0 -1.9707E+0
-1.1418E+0 -3.1287E-1  5.1602E-1  1.3449E+0  2.1738E+0  3.0027E+0  3.0891E+0  2.6805E+0
 2.2719E+0  1.8633E+0  1.4547E+0  1.0460E+0  6.3744E-1  2.2883E-1 -3.9225E-1 -1.8633E+0
-3.0401E+0 -4.0207E+0 -2.8958E+0 -1.7710E+0 -6.4609E-1  6.8646E-1  2.1575E+0  2.2412E+0
 1.9781E+0  1.7150E+0  1.4519E+0  1.1888E+0  9.2565E-1  6.6255E-1  3.9944E-1  1.1908E-1
-1.7278E-1 -4.6465E-1 -7.5651E-1 -1.0484E+0 -1.3402E+0 -1.6321E+0 -1.9240E+0 -2.2310E+0
-2.5988E+0 -2.3997E+0 -1.8229E+0 -1.2460E+0 -4.4676E-1  1.2422E+0  3.2362E+0  5.6879E+0
 6.9191E+0  7.8453E+0  4.7808E+0  1.7162E+0 -1.3484E+0 -3.6285E+0 -5.0879E+0 -4.0496E+0
-3.0112E+0 -1.9729E+0 -1.8123E+0 -1.8711E+0 -1.9299E+0 -1.9888E+0 -2.0476E+0 -1.2518E+0
-2.4229E-1  7.6723E-1  1.6916E+0  2.4884E+0  1.1480E+0 -7.2685E-1 -2.6017E+0 -4.1923E+0
-5.3569E+0 -4.4130E+0 -2.9420E+0 -1.4710E+0 -5.8055E-1 -5.6094E-1 -5.4133E-1 -5.2171E-1
-5.0210E-1  5.7587E-3  1.2460E+0  2.4863E+0  3.7265E+0  2.5301E+0  1.3337E+0  1.3729E-1
-1.0591E+0 -2.2555E+0 -2.0006E+0 -1.7456E+0 -1.4906E+0 -1.2356E+0 -9.8067E-1 -2.0839E+0
-3.1872E+0 -4.2904E+0 -6.5705E+0 -8.0876E+0 -5.3763E+0 -2.6651E+0  4.6166E-2  3.6394E+0
 7.4530E+0  7.9979E+0  7.8698E+0  5.0504E+0  2.2310E+0 -5.8840E-1 -5.2816E+0 -8.1395E+0
-9.7740E+0 -8.7746E+0 -7.1168E+0 -5.4590E+0 -3.8012E+0 -2.1435E+0 -4.8566E-1  1.1721E+0
 2.8299E+0  4.2822E+0  5.4263E+0  5.2956E+0  4.3149E+0  3.3343E+0  2.3536E+0  1.3729E+0
 3.9227E-1 -5.8839E-1 -1.5691E+0 -2.5252E+0 -3.4446E+0 -4.3640E+0 -5.2833E+0 -6.2027E+0
-7.1221E+0 -8.0414E+0 -5.7595E+0 -3.4776E+0 -1.1957E+0  1.0863E+0  3.3682E+0  5.5680E+0
 7.7472E+0  5.1934E+0  2.6396E+0  8.5802E-2 -2.4680E+0 -4.7930E+0 -6.2027E+0 -6.3782E+0
-5.7310E+0 -5.0838E+0 -4.4365E+0 -3.7893E+0 -3.7878E+0 -4.2169E+0 -4.5846E+0 -3.8246E+0
-1.3730E+0  2.1901E+0  6.4942E+0  8.8849E+0  1.0797E+1  8.5317E+0  5.2220E+0  1.9123E+0
 3.2881E-1 -1.0384E-1 -5.3649E-1 -1.1952E+0 -2.7581E+0 -4.3211E+0 -5.8840E+0 -7.7227E+0
-8.8015E+0 -8.7402E+0 -6.5554E+0 -3.8397E+0 -1.1240E+0  1.5917E+0  4.3074E+0  6.7993E+0
 9.1420E+0  7.3060E+0  4.4253E+0  1.5446E+0 -1.8142E+0 -5.4917E+0 -3.7756E+0 -2.0594E+0
-3.4324E-1  2.8766E+0  6.4723E+0  7.3441E+0  7.1588E+0  2.7459E+0 -2.9419E+0 -8.3139E+0
-1.1147E+1 -1.1266E+1 -7.3146E+0 -3.3631E+0  5.8838E-1  5.0013E+0  8.6298E+0  9.1202E+0
 7.9135E+0  4.1614E+0  4.0926E-1 -3.3429E+0 -7.0950E+0 -1.0542E+1 -1.3184E+1 -1.2912E+1
-1.1745E+1 -9.2356E+0 -6.7263E+0 -4.2169E+0 -2.1942E+0 -6.1019E-1  3.1599E-1  3.6357E-1
-1.7460E-1 -7.1278E-1 -1.2509E+0 -1.7891E+0 -2.3273E+0 -2.8655E+0 -3.4036E+0 -3.0646E+0
-1.4097E+0  1.4928E+0  4.7072E+0  4.5846E+0  1.6671E+0 -5.4427E+0 -1.2553E+1 -1.8535E+1
-1.5279E+1 -5.6682E+0  4.0207E+0  1.3827E+1  2.0869E+1  2.1256E+1  1.3856E+1  4.3011E+0
-6.7665E+0 -1.2222E+1 -1.3572E+1 -8.7671E+0 -3.9619E+0  1.3308E+0  7.3550E+0  8.8873E+0
 8.3111E+0  4.5724E+0 -1.4709E-1 -4.6337E+0 -7.2079E+0 -8.1273E+0 -7.9434E+0 -5.7225E+0
-3.5015E+0 -1.2806E+0  4.9034E-1  1.9613E+0  2.5988E+0  2.7785E+0  1.9613E+0  8.8259E-1
-5.8837E-1  2.3536E+0  1.1320E+1  2.0937E+1  2.7655E+1  2.5072E+1  1.2673E+1 -1.9993E+0
-1.6672E+1 -3.2771E+1 -4.2218E+1 -3.8638E+1 -2.2686E+1  7.6492E+0  3.3277E+1  4.4914E+1
 4.5209E+1  2.2359E+1 -7.1583E+0 -3.2901E+1 -3.9521E+1 -2.9126E+1 -1.3860E+1  4.6822E-1
 1.0869E+1  9.3163E+0  7.7636E+0  8.3357E+0  1.0444E+1  1.6573E+1  2.3928E+1  2.7115E+1
 2.0300E+1  1.1754E+1  1.4220E+0 -8.9100E+0 -1.9442E+1 -2.4909E+1 -1.4448E+1 -4.7316E+0
 1.9612E-1 -7.5880E+0 -1.5495E+1 -1.1295E+1 -6.2293E-2  1.1311E+1  1.9515E+1  2.1368E+1
 2.3070E+1  2.4173E+1  2.4615E+1  1.3827E+1 -2.1573E+0 -1.1081E+1 -7.4313E+0 -4.0207E+0
-5.9003E+0 -1.6769E+1 -2.1231E+1 -5.5408E+0  1.2912E+1  2.4574E+1  2.4370E+1  2.4165E+1
 2.7295E+1  3.1259E+1  3.5598E+1  3.0891E+1  1.2149E+1 -8.0906E+0 -2.8330E+1 -4.6386E+1
-5.1387E+1 -4.4424E+1 -1.8175E+1  2.1844E+1  5.9048E+1  8.4533E+1  8.4803E+1  6.3154E+1
 1.7031E+1 -1.5102E+1 -3.7167E+1 -4.9860E+1 -6.0360E+1 -6.6849E+1 -6.6881E+1 -5.2613E+1
-2.4196E+1  7.7082E+0  3.9613E+1  6.2239E+1  7.1530E+1  7.1654E+1  5.4770E+1  2.1673E+1
-1.1425E+1 -4.1874E+1 -5.6290E+1 -6.2762E+1 -5.8938E+1 -4.0959E+1 -2.4379E+1 -7.9041E+0
 7.6383E+0  2.2947E+1  3.3669E+1  3.5049E+1  2.9263E+1  2.4124E+1  2.2541E+1  2.2653E+1
 1.4892E+1 -9.2046E+0 -3.1087E+1 -4.8396E+1 -5.7467E+1 -5.0994E+1 -2.0005E+1  3.4765E+1
 7.4726E+1  9.3261E+1  1.0037E+2  9.2869E+1  4.5306E+1 -2.2927E+1 -9.1691E+1 -1.4579E+2
-1.5063E+2 -1.3957E+2 -1.0813E+2 -4.7106E+1  2.3339E+1  7.4982E+1  1.0174E+2  1.1077E+2
 1.0322E+2  8.6592E+1  4.0011E+1  1.0101E+1 -1.3271E+1 -3.1675E+1 -3.0555E+1 -2.7341E+1
-2.2732E+1 -1.6593E+1 -9.4341E+0 -1.3284E+0  7.4085E+0  1.5527E+1  2.2719E+1  2.6831E+1
 2.5791E+1  1.2160E+1 -5.9819E+0 -2.4124E+1 -3.3980E+1 -2.8832E+1  3.9210E-1  4.4914E+1
 8.2110E+1  1.0724E+2  9.8616E+1  6.5377E+1 -1.0589E+1 -6.0532E+1 -9.1005E+1 -1.0212E+2
-9.7936E+1 -6.8764E+1 -2.3438E+1  9.1531E+0  2.8750E+1  3.3244E+1  2.7197E+1  2.1150E+1
 1.5396E+1  2.1317E+1  3.3269E+1  4.5221E+1  5.7173E+1  6.7078E+1  6.8794E+1  5.7859E+1
 2.7704E+1 -3.7277E+0 -2.6674E+1 -3.3478E+1 -3.8442E+1 -4.0649E+1 -4.2986E+1 -4.5356E+1
-4.7195E+1 -4.8236E+1 -4.2365E+1 -2.5988E+1  1.3779E+1  4.0403E+1  5.3446E+1  5.6413E+1
 4.9851E+1  2.4688E+1 -7.5516E+0 -3.6873E+1 -5.2122E+1 -4.7004E+1 -3.7084E+1 -2.7164E+1
-1.1533E+1 -7.7333E+0 -9.4145E+0 -1.3694E+1 -1.7973E+1 -2.0627E+1 -2.2874E+1 -2.2294E+1
-1.3631E+1  1.8191E+1  5.3684E+1  8.6887E+1  1.1193E+2  1.1831E+2  1.1327E+2  9.6742E+1
 7.1275E+1  3.5892E+1 -1.4415E+1 -5.2681E+1 -7.7767E+1 -8.5318E+1 -7.8183E+1 -6.3013E+1
-4.6778E+1 -3.0542E+1 -1.4612E+1 -2.1183E+0  7.0509E+0  2.1051E+1  6.1586E+1  9.6350E+1
 1.1314E+2  1.1140E+2  7.3648E+1  1.6148E+1 -3.1872E+1 -5.9330E+1 -6.6979E+1 -6.4201E+1
-4.5306E+1  2.5991E+0  3.9129E+1  5.0406E+1  4.0697E+1  7.6496E+0 -2.8096E+1 -4.8396E+1
-5.4662E+1 -5.1544E+1 -3.5860E+1 -1.5692E+0  2.1117E+1  2.7606E+1  3.1344E+1  3.5083E+1
 3.9837E+1  4.5267E+1  5.0697E+1  5.6127E+1  6.1557E+1  6.6734E+1  6.0998E+1  3.9815E+1
-1.2748E+1 -9.2427E+1 -1.6970E+2 -2.0169E+2 -2.1388E+2 -1.9329E+2 -1.5029E+2 -5.0698E+1
 6.5115E+1  1.4828E+2  2.1895E+2  2.3067E+2  2.0820E+2  1.1197E+2  2.3438E+1 -4.8348E+1
-1.0047E+2 -1.3523E+2 -1.3680E+2 -1.2690E+2 -8.9222E+1 -2.3366E+1  4.7333E+1  9.3376E+1
 1.0670E+2  9.0810E+1  2.0596E+1 -8.3934E+0 -3.4764E+1 -5.1142E+1 -5.6823E+1 -5.6633E+1
-4.9523E+1 -2.3851E+1  1.2747E+1  5.5064E+1  8.5760E+1  9.5746E+1  9.0270E+1  3.6577E+1
 3.7013E+0 -2.7557E+1 -3.2075E+1 -3.6593E+1 -4.0779E+1 -4.3640E+1 -5.6658E+1 -7.4923E+1
-8.3553E+1 -8.6004E+1 -7.8731E+1 -4.8053E+1  8.9088E+0  6.8647E+1  1.2994E+2  1.5995E+2
 1.7466E+2  1.7229E+2  1.3230E+2  8.6756E+1  4.0205E+1 -4.3152E+0 -1.2356E+1 -5.5502E+0
 2.1870E+1  5.2466E+1  7.9434E+1  9.1280E+1  8.4827E+1  5.4786E+1  3.9541E+0 -3.7339E+1
-5.8027E+1 -6.0339E+1 -5.3012E+1 -3.8443E+1 -1.6623E+1  1.0100E+1  3.8049E+1  6.5998E+1
 9.3947E+1  1.1435E+2  1.1832E+2  1.0081E+2  5.7763E+1  4.6104E+0 -3.3833E+1 -4.2345E+1
-3.7363E+1 -2.3699E+1  9.1777E+0  4.8494E+1  8.3553E+1  1.0630E+2  1.0179E+2  6.9823E+1
 4.1875E+1  2.4698E+1  1.2160E+1  4.3847E+0  9.8050E-2 -1.8632E+0  5.6548E+0  2.5890E+1
 4.7426E+1  6.4062E+1  7.5511E+1  7.7374E+1  6.3450E+1  3.5991E+1  8.8246E+0 -4.2168E+0
-2.6478E+0  6.4233E+0  3.1616E+1  5.9429E+1  6.9706E+1  6.3792E+1  4.5650E+1  2.3536E+1
 4.1191E+0 -9.1199E+0 -1.9024E+1 -2.2947E+1 -1.5592E+1  1.4971E+1  5.1957E+1  9.1741E+1
 1.2405E+2  1.2843E+2  1.2072E+2  9.6361E+1  5.7644E+1  2.2294E+1 -8.6289E+0 -1.6818E+1
-1.1572E+1  8.2374E+0  3.6727E+1  7.1057E+1  1.0650E+2  1.2700E+2  1.2451E+2  1.0047E+2
 6.8669E+1  3.6873E+1  2.0601E+0 -1.3239E+1 -1.1106E+1  3.6777E+0  2.5171E+1  4.5056E+1
 6.0134E+1  6.3461E+1  6.4013E+1  6.3099E+1  6.0556E+1  5.3559E+1  4.3789E+1  3.4018E+1
 2.4248E+1  1.4478E+1  4.7072E+0  5.6630E+0  1.5347E+1  2.5032E+1  3.5032E+1  4.5110E+1
 4.9295E+1  4.8543E+1  4.5111E+1  4.6418E+1  5.0904E+1  5.6185E+1  6.1684E+1  6.9935E+1
 8.5696E+1  9.8164E+1  1.0272E+2  9.5223E+1  8.4589E+1  7.4573E+1  6.2468E+1  4.2659E+1
 1.9320E+1  1.2945E+1  1.9810E+1  5.3544E+1  1.0086E+2  1.4314E+2  1.7221E+2  1.9143E+2
 1.9572E+2  1.9319E+2  1.6715E+2  1.3256E+2  9.4593E+1  5.6627E+1  2.4712E+1  1.9973E+1
 2.5497E+1  4.1735E+1  6.4569E+1  8.5873E+1  1.0679E+2  1.2141E+2  1.2727E+2  1.2043E+2
 9.1262E+1  5.2369E+1  1.2209E+1 -6.8649E+0 -1.4857E+1 -1.7358E+1 -1.3631E+1  4.1147E-4
 2.2424E+1  5.1518E+1  8.1199E+1  9.7380E+1  1.0616E+2  1.0699E+2  9.7773E+1  7.3677E+1
 4.7680E+1  2.7589E+1  2.9518E+1  4.3052E+1  6.1635E+1  6.7470E+1  6.0955E+1  5.5467E+1
 5.2381E+1  5.0442E+1  4.8503E+1  4.6564E+1  4.5984E+1  5.0843E+1  5.5702E+1  5.7009E+1
 5.2678E+1  4.8347E+1  4.5589E+1  4.3345E+1  3.9520E+1  2.0576E+1  1.6315E+0 -7.6490E+0
-4.0204E+0  1.6084E+1  3.8883E+1  5.6944E+1  6.7176E+1  7.0951E+1  6.6607E+1  5.5194E+1
 3.6970E+1  9.8274E+0 -1.7315E+1 -4.0844E+1 -4.1462E+1 -3.2538E+1 -2.3536E+1 -1.8028E+1
-1.5059E+1 -1.2089E+1 -9.1202E+0 -8.2621E+0 -6.6140E+0 -3.7811E+0  2.4772E+0  1.1019E+1
 1.9562E+1  2.8104E+1  3.6646E+1  4.5188E+1  5.3730E+1  6.2272E+1  6.2730E+1  4.9181E+1
 2.9323E+1  1.3386E+1  3.3832E+0  3.3669E+0  8.1395E+0  1.8339E+1  3.6285E+1  6.5985E+1
 9.7798E+1  1.3102E+2  1.5951E+2  1.8799E+2  2.1212E+2  2.2885E+2  2.3509E+2  2.3390E+2
 2.3133E+2  2.2903E+2  2.2778E+2  2.2695E+2  2.2677E+2  2.2536E+2  2.2309E+2  2.1861E+2
 2.1133E+2  2.0047E+2  1.8256E+2  1.5673E+2  1.2484E+2  8.6593E+1  4.1775E+1  6.7662E+0
-1.4269E+1 -2.5934E+1 -3.3958E+1 -4.3051E+1 -5.3462E+1 -6.6293E+1 -8.3631E+1 -1.0808E+2
-1.3950E+2 -1.7092E+2 -1.8750E+2 -1.8052E+2 -1.5465E+2 -1.1332E+2 -8.1984E+1 -7.2144E+1
-8.1199E+1 -1.1008E+2 -1.3955E+2 -1.7068E+2 -1.9311E+2 -2.1553E+2 -2.3796E+2 -2.5517E+2
-2.6159E+2 -2.6512E+2 -2.6435E+2 -2.6296E+2 -2.6336E+2 -2.7449E+2 -3.0571E+2 -3.4088E+2
-3.6228E+2 -3.7337E+2 -3.7241E+2 -3.5745E+2 -3.3294E+2 -3.0077E+2 -2.6201E+2 -2.2449E+2
-1.6822E+2 -9.9122E+1 -1.3502E+1  6.5506E+1  1.2719E+2  1.6769E+2  1.9064E+2  2.0570E+2
 2.0989E+2  2.1408E+2  2.1428E+2  2.2241E+2  2.3751E+2  2.5395E+2  2.7580E+2  2.9910E+2
 3.1636E+2  3.2674E+2  3.3477E+2  3.4281E+2  3.5085E+2  3.5889E+2  3.6693E+2  3.6746E+2
 3.4026E+2  3.0982E+2  2.7962E+2  2.5081E+2  2.2609E+2  2.0137E+2  1.7479E+2  1.5240E+2
 1.4367E+2  1.4318E+2  1.4282E+2  1.3357E+2  1.1197E+2  7.8595E+1  4.0949E+1  5.3544E+0
-2.6935E+1 -5.3446E+1 -6.4022E+1 -6.6680E+1 -6.9338E+1 -7.1996E+1 -7.5487E+1 -7.9532E+1
-8.5416E+1 -9.2533E+1 -1.0150E+2 -1.1613E+2 -1.3177E+2 -1.4926E+2 -1.6863E+2 -1.8607E+2
-2.0859E+2 -2.3394E+2 -2.6253E+2 -3.0133E+2 -3.2558E+2 -3.3794E+2 -3.3676E+2 -3.2543E+2
-3.0786E+2 -2.8900E+2 -2.7631E+2 -2.6666E+2 -2.5700E+2 -2.4735E+2 -2.3769E+2 -2.2803E+2
-2.1838E+2 -2.0872E+2 -2.0274E+2 -2.0069E+2 -2.0064E+2 -2.0439E+2 -2.1154E+2 -2.1869E+2
-2.2286E+2 -2.2063E+2 -2.0330E+2 -1.8284E+2 -1.6348E+2 -1.5406E+2 -1.5066E+2 -1.4876E+2
-1.4842E+2 -1.4864E+2 -1.4945E+2 -1.5046E+2 -1.5175E+2 -1.5352E+2 -1.5567E+2 -1.5883E+2
-1.6786E+2 -1.7836E+2 -1.8883E+2 -1.9270E+2 -1.8432E+2 -1.7593E+2 -1.7024E+2 -1.8155E+2
-2.0270E+2 -2.2226E+2 -2.4085E+2 -2.5448E+2 -2.5797E+2 -2.5663E+2 -2.5529E+2 -2.5395E+2
-2.5261E+2 -2.5127E+2 -2.4976E+2 -2.4802E+2 -2.4718E+2 -2.4940E+2 -2.5531E+2 -2.6122E+2
-2.6698E+2 -2.7106E+2 -2.6967E+2 -2.6276E+2 -2.5586E+2 -2.4852E+2 -2.4736E+2 -2.4844E+2
-2.4926E+2 -2.4968E+2 -2.4142E+2 -2.2835E+2 -2.1407E+2 -1.9979E+2 -1.8551E+2 -1.7124E+2
-1.5846E+2 -1.4606E+2 -1.3365E+2 -1.2110E+2 -1.0833E+2 -9.5549E+1 -8.2773E+1 -6.9431E+1
-6.2370E+1 -6.5999E+1 -8.2867E+1 -1.0591E+2 -1.3553E+2 -1.6916E+2 -1.9540E+2 -2.1722E+2
-2.3350E+2 -2.3871E+2 -2.3320E+2 -2.2208E+2 -2.0766E+2 -1.9323E+2 -1.7868E+2 -1.7590E+2
-1.7684E+2 -1.7760E+2 -1.7809E+2 -1.7086E+2 -1.6364E+2 -1.5642E+2 -1.6360E+2 -1.7480E+2
-1.8064E+2 -1.7469E+2 -1.5786E+2 -1.3932E+2 -1.2059E+2 -1.0174E+2 -8.5563E+1 -7.0248E+1
-6.0017E+1 -5.8055E+1 -6.9038E+1 -9.0836E+1 -1.1263E+2 -1.3154E+2 -1.4308E+2 -1.4171E+2
-1.2829E+2 -1.1487E+2 -1.0199E+2 -9.1359E+1 -8.4112E+1 -7.7578E+1 -7.1044E+1 -6.4511E+1
-5.7977E+1 -5.1443E+1 -4.4910E+1 -3.8376E+1 -3.5500E+1 -3.8344E+1 -5.1694E+1 -6.8401E+1
-8.5107E+1 -9.9439E+1 -1.0091E+2 -8.8705E+1 -7.1187E+1 -5.4074E+1 -3.9554E+1 -2.9845E+1
-2.7508E+1 -3.0667E+1 -3.5353E+1 -4.0869E+1 -4.5391E+1 -4.7484E+1 -4.3738E+1 -3.6138E+1
-2.5448E+1 -1.4056E+1 -5.2956E+0 -4.5110E+0 -1.1375E+1 -2.8782E+1 -4.6189E+1 -6.3596E+1
-8.0806E+1 -8.4446E+1 -7.8617E+1 -7.2787E+1 -6.6958E+1 -6.2746E+1 -5.9614E+1 -5.6481E+1
-5.3348E+1 -4.7753E+1 -4.2157E+1 -3.6561E+1 -2.9649E+1 -2.1858E+1 -1.6769E+1 -1.4293E+1
-2.4452E+1 -4.1891E+1 -5.9134E+1 -6.9921E+1 -7.0314E+1 -6.1161E+1 -4.0088E+1 -1.7260E+1
 5.9817E+0  2.0071E+1  2.5007E+1  1.6610E+1 -3.8003E+0 -2.5007E+1 -4.5699E+1 -4.9916E+1
-4.0502E+1 -1.9640E+1  1.2206E+0  2.3732E+1  3.3669E+1  3.6317E+1  2.5443E+1  1.2258E+1
 8.5767E-1 -1.0185E+1 -2.0692E+1 -2.6698E+1 -3.1716E+1 -3.5251E+1 -3.8785E+1 -4.2320E+1
-4.5854E+1 -4.9144E+1 -5.2269E+1 -5.0544E+1 -4.8818E+1 -4.7092E+1 -4.5366E+1 -4.3640E+1
-4.3051E+1 -4.6484E+1 -5.5094E+1 -6.7156E+1 -7.8600E+1 -8.2082E+1 -8.1062E+1 -7.3971E+1
-6.4802E+1 -5.6212E+1 -5.1796E+1 -5.4825E+1 -5.7853E+1 -6.0882E+1 -6.4920E+1 -6.2701E+1
-5.7001E+1 -5.0635E+1 -4.3825E+1 -3.8758E+1 -3.4127E+1 -3.4069E+1 -3.4012E+1 -3.3954E+1
-3.4225E+1 -3.4715E+1 -3.0360E+1 -2.6005E+1 -2.1650E+1 -1.7848E+1 -2.6968E+1 -4.6562E+1
-6.9823E+1 -9.2934E+1 -1.1424E+2 -1.2888E+2 -1.4117E+2 -1.5026E+2 -1.5129E+2 -1.4627E+2
-1.3746E+2 -1.2613E+2 -1.1480E+2 -1.0347E+2 -9.3634E+1 -8.4171E+1 -7.5435E+1 -6.6881E+1
-6.0311E+1 -5.3740E+1 -5.1616E+1 -5.0467E+1 -5.3226E+1 -5.7313E+1 -6.1954E+1 -6.5263E+1
-6.6816E+1 -6.7197E+1 -6.4391E+1 -6.0788E+1 -5.7184E+1 -5.3581E+1 -4.9977E+1 -4.6374E+1
-4.2771E+1 -3.9167E+1 -3.4999E+1 -2.8570E+1 -2.1531E+1 -1.3577E+1 -7.1262E+0 -1.6779E+0
 6.7557E-1  2.2555E+0 -1.2210E-2 -2.2800E+0 -4.5478E+0 -6.8157E+0 -9.1080E+0 -1.1498E+1
-1.0542E+1 -7.3551E+0  4.4994E+0  1.6354E+1  2.8209E+1  4.0011E+1  5.0733E+1  5.9886E+1
 6.8471E+1  7.6679E+1  8.4887E+1  9.3095E+1  1.0130E+2  1.0951E+2  1.1772E+2  1.2593E+2
 1.3413E+2  1.4239E+2  1.5073E+2  1.5906E+2  1.6740E+2  1.7567E+2  1.8390E+2  1.9321E+2
 2.0280E+2  2.1339E+2  2.2398E+2  2.3815E+2  2.5296E+2  2.7034E+2  2.8772E+2  3.0510E+2
 3.2254E+2  3.3274E+2  3.3469E+2  3.3393E+2  3.3112E+2  3.2695E+2  3.1876E+2  3.0901E+2
 2.9603E+2  2.7233E+2  2.4649E+2  2.1771E+2  1.8718E+2  1.5980E+2  1.3406E+2  1.1232E+2
 9.7282E+1  9.4798E+1  1.0062E+2  1.1631E+2  1.3990E+2  1.6042E+2  1.8341E+2  2.0172E+2
 2.1037E+2  2.1737E+2  2.2438E+2  2.3260E+2  2.4128E+2  2.5174E+2  2.6135E+2  2.6968E+2
 2.7573E+2  2.7835E+2  2.7656E+2  2.7184E+2  2.5993E+2  2.4423E+2  2.2572E+2  2.0807E+2
 1.9780E+2  1.9496E+2  1.9496E+2  1.9496E+2  1.9504E+2  1.9526E+2  1.9329E+2  1.8986E+2
 1.8390E+2  1.7942E+2  1.7593E+2  1.7713E+2  1.7931E+2  1.8544E+2  1.9151E+2  1.9755E+2
 2.0198E+2  2.0536E+2  2.0354E+2  1.9865E+2  1.8672E+2  1.7201E+2  1.5658E+2  1.4055E+2
 1.2396E+2  1.1503E+2  1.1443E+2  1.1735E+2  1.2026E+2  1.2317E+2  1.2671E+2  1.2994E+2
 1.3190E+2  1.3183E+2  1.3042E+2  1.2511E+2  1.1884E+2  1.1256E+2  1.0497E+2  9.8214E+1
 9.3188E+1  9.0908E+1  8.9687E+1  8.9960E+1  8.9289E+1  8.7206E+1  8.1017E+1  7.2233E+1
 6.1095E+1  4.6420E+1  3.1745E+1  1.7070E+1  2.3951E+0 -1.2280E+1 -2.6408E+1 -3.9717E+1
-4.7562E+1 -5.4304E+1 -5.9392E+1 -6.3792E+1 -6.7825E+1 -7.1074E+1 -7.2165E+1 -7.1819E+1
-7.1473E+1 -7.1061E+1 -7.0387E+1 -7.2177E+1 -7.5609E+1 -8.2894E+1 -8.8897E+1 -9.4046E+1
-9.3283E+1 -9.1290E+1 -8.4370E+1 -7.5599E+1 -6.4049E+1 -5.2956E+1 -4.2169E+1 -3.1600E+1
-2.1902E+1 -1.5200E+1 -1.6708E+1 -2.0692E+1 -2.2980E+1 -2.4725E+1 -2.4296E+1 -2.2948E+1
-2.0986E+1 -1.8584E+1 -1.6083E+1 -1.3631E+1 -1.0417E+1 -6.0585E+0 -6.5521E-2  7.0172E+0
 1.5277E+1  2.3830E+1  3.0423E+1  3.6219E+1  3.8834E+1  3.9706E+1  3.7963E+1  3.2264E+1
 2.3929E+1  1.5593E+1  6.6683E+0 -2.2562E+0 -1.0592E+1 -1.4830E+1 -1.8044E+1 -1.7738E+1
-1.6203E+1 -1.2825E+1 -6.9501E+0  5.8847E-1  9.2512E+0  1.7386E+1  2.3410E+1  2.6661E+1
 2.9220E+1  3.1778E+1  3.4336E+1  3.6894E+1  3.9453E+1  4.2011E+1  4.4569E+1  4.7127E+1
 4.9622E+1  5.2074E+1  5.7331E+1  6.2588E+1  6.7846E+1  7.3855E+1  8.0992E+1  8.6583E+1
 9.1143E+1  9.3445E+1  9.4242E+1  9.0871E+1  8.5990E+1  7.8846E+1  7.0572E+1  6.1366E+1
 5.0762E+1  3.6536E+1  1.9960E+1  1.2149E+0 -1.7530E+1 -3.4336E+1 -5.1453E+1 -6.0703E+1
-6.2027E+1 -5.7506E+1 -4.7930E+1 -3.4875E+1 -2.0741E+1 -7.0928E+0 -1.8633E+0 -5.6550E+0
-9.4468E+0 -1.3239E+1 -1.6900E+1 -1.4547E+1 -3.3337E+0  1.5462E+1  3.4258E+1  5.7297E+1
 8.0021E+1  9.5614E+1  1.0660E+2  1.0755E+2  1.0849E+2  1.0944E+2  1.1053E+2  1.1211E+2
 1.1565E+2  1.1924E+2  1.2289E+2  1.2560E+2  1.2768E+2  1.2877E+2  1.2995E+2  1.3148E+2
 1.3255E+2  1.3332E+2  1.3214E+2  1.2955E+2  1.2317E+2  1.1680E+2  1.1042E+2  1.0405E+2
 9.7422E+1  9.1398E+1  8.8456E+1  8.8064E+1  8.9371E+1  9.2918E+1  9.6576E+1  9.7268E+1
 9.3275E+1  8.4967E+1  7.4487E+1  6.2370E+1  5.4218E+1  4.8408E+1  4.6110E+1  4.3811E+1
 4.1556E+1  3.9472E+1  3.5660E+1  3.0695E+1  2.3060E+1  1.6990E+1  1.1964E+1  1.0765E+1
 1.0094E+1  1.1530E+1  1.2966E+1  1.4402E+1  1.5838E+1  1.7274E+1  1.8710E+1  2.0146E+1
 2.1582E+1  2.2635E+1  2.3592E+1  2.4549E+1  2.5507E+1  2.6464E+1  2.7421E+1  2.8379E+1
 2.9336E+1  2.9933E+1  2.9991E+1  3.0049E+1  3.0106E+1  2.9923E+1  2.9126E+1  2.7410E+1
 2.5693E+1  2.3977E+1  2.2261E+1  2.0435E+1  1.8535E+1  1.5041E+1  1.0395E+1  4.0209E+0
-5.9116E+0 -1.6734E+1 -2.7556E+1 -3.7993E+1 -4.6802E+1 -5.4525E+1 -6.0199E+1 -6.3204E+1
-6.0233E+1 -5.2662E+1 -4.3688E+1 -3.0073E+1 -1.9319E+1 -1.4730E+1 -1.5740E+1 -2.0030E+1
-2.8005E+1 -3.7237E+1 -4.6974E+1 -5.3103E+1 -5.7739E+1 -6.0136E+1 -6.1831E+1 -6.3057E+1
-6.6244E+1 -7.1771E+1 -8.0807E+1 -8.9843E+1 -9.9804E+1 -1.0966E+2 -1.1665E+2 -1.2092E+2
-1.2337E+2 -1.2111E+2 -1.1768E+2 -1.1425E+2 -1.1025E+2 -1.0541E+2 -1.0342E+2 -1.0518E+2
-1.0822E+2 -1.1202E+2 -1.1528E+2 -1.1759E+2 -1.1667E+2 -1.1150E+2 -1.0349E+2 -8.7423E+1
-6.9339E+1 -5.1254E+1 -3.4666E+1 -2.2065E+1 -1.6966E+1 -1.9509E+1 -2.2053E+1 -2.4596E+1
-2.8292E+1 -3.1730E+1 -3.2983E+1 -3.2962E+1 -3.1029E+1 -2.9097E+1 -2.7165E+1 -2.6582E+1
-2.6000E+1 -2.5418E+1 -2.3871E+1 -2.2082E+1 -2.0294E+1 -1.8371E+1 -1.6246E+1 -1.5065E+1
-1.4514E+1 -1.7548E+1 -2.0582E+1 -2.3615E+1 -2.5117E+1 -2.6235E+1 -2.7353E+1 -2.8471E+1
-2.9589E+1 -3.1234E+1 -3.3955E+1 -4.0452E+1 -4.6949E+1 -5.3446E+1 -6.0311E+1 -6.6048E+1
-7.0093E+1 -7.1539E+1 -7.1846E+1 -7.0191E+1 -6.8385E+1 -6.6478E+1 -6.5606E+1 -6.5361E+1
-6.6587E+1 -6.7813E+1 -6.9039E+1 -7.0686E+1 -7.4082E+1 -7.7724E+1 -8.0513E+1 -8.2725E+1
-8.3487E+1 -8.3356E+1 -8.1886E+1 -7.5610E+1 -6.7539E+1 -5.7094E+1 -4.7287E+1 -4.0031E+1
-3.3452E+1 -2.9583E+1 -2.6012E+1 -2.2886E+1 -1.9995E+1 -1.7162E+1 -1.3293E+1 -9.3052E+0
-4.8377E+0 -1.8632E+0 -1.1278E+0 -5.0012E+0 -1.1011E+1 -2.0958E+1 -3.1016E+1 -3.8747E+1
-4.2942E+1 -4.3480E+1 -4.1579E+1 -3.3789E+1 -2.4762E+1 -1.0787E+1  2.1402E+0  1.0877E+1
 1.9613E+1  2.1466E+1  2.2543E+1  2.0521E+1  1.8314E+1  1.5985E+1  1.2920E+1  9.5615E+0
 5.7612E+0 -7.7107E-1 -7.8702E+0 -1.4796E+1 -2.3074E+1 -3.1234E+1 -3.8711E+1 -4.4424E+1
-4.8972E+1 -5.0627E+1 -5.0047E+1 -4.7976E+1 -4.3552E+1 -3.8540E+1 -3.1784E+1 -2.4756E+1
-1.6639E+1 -8.4521E+0 -1.6075E-1  7.5947E+0  1.3206E+1  1.6791E+1  1.7336E+1  1.4943E+1
 1.0591E+1  3.1662E+0 -3.4076E+0 -9.4139E+0 -1.7259E+1 -2.4774E+1 -3.2068E+1 -4.0131E+1
-4.7894E+1 -5.4452E+1 -5.9465E+1 -6.3449E+1 -6.3694E+1 -6.2228E+1 -5.8197E+1 -5.3087E+1
-4.7258E+1 -4.3956E+1 -4.1286E+1 -4.2818E+1 -4.4743E+1 -4.7256E+1 -4.6238E+1 -4.2965E+1
-3.4193E+1 -2.3556E+1 -1.0121E+1  1.3923E+0  8.9637E+0  1.3250E+1  1.4993E+1  1.5507E+1
 1.5200E+1  1.7284E+1  2.0997E+1  2.7153E+1  3.3735E+1  4.0600E+1  4.5982E+1  5.0995E+1
 5.3283E+1  5.4966E+1  5.4231E+1  5.1362E+1  4.7072E+1  3.6846E+1  2.2261E+1  4.3705E+0
-1.4122E+1 -3.5286E+1 -4.9180E+1 -5.9845E+1 -6.3188E+1 -6.1586E+1 -5.0921E+1 -4.0168E+1
-2.9283E+1 -2.0398E+1 -1.5821E+1 -1.6475E+1 -1.9809E+1 -2.7164E+1 -3.4397E+1 -3.9742E+1
-4.2254E+1 -3.9575E+1 -3.5598E+1 -2.7589E+1 -2.0866E+1 -1.9286E+1 -2.0328E+1 -2.5302E+1
-3.2289E+1 -3.7780E+1 -4.1028E+1 -3.8883E+1 -3.4802E+1 -2.8373E+1 -2.0659E+1 -1.1017E+1
-5.6121E-1  1.0436E+1  2.1434E+1  2.9086E+1  3.5903E+1  3.9052E+1  4.1286E+1  4.1592E+1
 4.1188E+1  3.9717E+1  3.7167E+1  3.4617E+1  3.3146E+1  3.4323E+1  3.7265E+1  4.2917E+1
 4.9247E+1  5.6845E+1  6.5290E+1  7.4301E+1  8.3454E+1  9.1692E+1  9.9929E+1  1.0870E+2
 1.1701E+2  1.2350E+2  1.2758E+2  1.2807E+2  1.2449E+2  1.1722E+2  1.0608E+2  9.2308E+1
 7.5641E+1  5.6053E+1  3.8191E+1  2.0384E+1  3.3487E+0 -1.2552E+1 -2.6212E+1 -3.5831E+1
-4.2756E+1 -4.2953E+1 -3.7167E+1 -2.4745E+1 -1.1884E+1  2.7271E+0  1.6299E+1  2.5547E+1
 3.2264E+1  3.2619E+1  3.0596E+1  2.3487E+1  1.5130E+1  4.9034E+0 -2.0222E+0 -6.6930E+0
-7.9802E+0 -5.4916E+0 -2.0590E+0  3.3344E+0  7.7691E+0  1.0766E+1  1.1486E+1  1.0689E+1
 6.8891E+0  2.0591E+0 -4.3150E+0 -1.1250E+1 -1.5952E+1 -1.7096E+1 -1.5237E+1 -1.1376E+1
-4.5657E+0  1.9613E+0  7.3551E+0  1.1005E+1  1.2040E+1  1.0726E+1  7.8453E+0  4.5358E+0
 2.2311E+0  1.4342E+0  2.5988E+0  4.3257E+0  6.3416E+0  9.0330E+0  1.2738E+1  1.7489E+1
 2.2937E+1  2.8341E+1  3.3473E+1  3.7560E+1  4.1297E+1  4.4511E+1  4.6745E+1  4.8325E+1
 4.9818E+1  5.1398E+1  5.3414E+1  5.6045E+1  5.9600E+1  6.1139E+1  6.2174E+1  5.8865E+1
 5.4077E+1  4.7072E+1  4.0881E+1  3.5647E+1  3.1847E+1  3.0989E+1  3.1163E+1  3.2525E+1
 3.3833E+1  3.5059E+1  3.5435E+1  3.5598E+1  3.4188E+1  3.2509E+1  3.0425E+1  2.8341E+1
 2.6147E+1  2.3511E+1  2.0729E+1  1.7848E+1  1.5580E+1  1.3950E+1  1.3276E+1  1.4231E+1
 1.5593E+1  2.2396E+1  2.9851E+1  3.8285E+1  4.6723E+1  5.5167E+1  6.0278E+1  6.3166E+1
 6.2174E+1  5.9502E+1  5.3986E+1  4.5685E+1  3.4786E+1  2.0916E+1  7.3830E+0 -4.2167E+0
-1.3042E+1 -1.6916E+1 -1.8559E+1 -1.6230E+1 -1.3304E+1 -9.9810E+0 -6.9191E+0 -3.9226E+0
-3.6162E+0 -4.0861E+0 -5.7205E+0 -8.3076E+0 -1.1365E+1 -1.3762E+1 -1.6770E+1 -2.0692E+1
-2.5534E+1 -3.0572E+1 -3.5905E+1 -4.0894E+1 -4.5650E+1 -4.9818E+1 -5.2478E+1 -5.4133E+1
-5.3704E+1 -5.3272E+1 -5.2836E+1 -5.2956E+1 -5.3446E+1 -5.2404E+1 -4.9491E+1 -4.3770E+1
-3.5892E+1 -2.1508E+1 -8.2566E+0  4.4186E-1  5.7857E+0  2.6600E+0 -3.6992E+0 -1.4907E+1
-2.8006E+1 -4.0348E+1 -5.0570E+1 -5.4329E+1 -5.6633E+1 -5.6756E+1 -5.4558E+1 -5.1779E+1
-4.8102E+1 -4.4086E+1 -3.9564E+1 -3.3963E+1 -2.7643E+1 -2.1324E+1 -1.5005E+1 -9.3385E+0
-3.7660E+0  1.4314E+0  6.3829E+0  1.0350E+1  1.4318E+1  1.5973E+1  1.6835E+1  1.6508E+1
 1.4833E+1  1.2258E+1  8.8873E+0  5.3691E+0  1.6301E+0  4.8982E-2 -5.6388E-1  5.3932E-1
 2.9745E+0  6.2979E+0  1.2498E+1  1.9417E+1  3.0913E+1  4.2095E+1  5.0798E+1  5.3937E+1
 5.4590E+1  4.9005E+1  4.1654E+1  3.3993E+1  2.7900E+1  2.2960E+1  2.1060E+1  2.2196E+1
 2.5356E+1  2.9082E+1  3.2950E+1  3.2766E+1  3.0219E+1  2.4124E+1  1.5911E+1  6.5000E+0
-4.7062E+0 -1.2920E+1 -2.0496E+1 -2.7115E+1 -3.0352E+1 -3.1957E+1 -3.0425E+1 -2.7785E+1
-2.4408E+1 -2.1901E+1 -1.9613E+1 -2.1636E+1 -2.5399E+1 -3.1773E+1 -3.7657E+1 -4.2438E+1
-4.5564E+1 -4.3487E+1 -4.0108E+1 -2.8464E+1 -1.6657E+1 -4.6091E+0  7.4391E+0  1.9024E+1
 2.5791E+1  2.7426E+1  2.7851E+1  2.3438E+1  1.6881E+1  9.0829E+0  2.0347E+0 -2.8807E+0
-6.3741E+0 -5.6388E+0 -4.6090E+0 -3.1380E+0 -3.0646E+0 -3.9227E+0 -8.2129E+0 -1.3617E+1
-2.0692E+1 -2.6208E+1 -3.0433E+1 -3.2721E+1 -3.3232E+1 -3.2558E+1 -2.8690E+1 -2.4749E+1
-2.0520E+1 -1.7390E+1 -1.4993E+1 -1.4318E+1 -1.4685E+1 -1.7505E+1 -2.1501E+1 -2.6282E+1
-3.1736E+1 -3.6628E+1 -4.0673E+1 -4.3492E+1 -4.5319E+1 -4.4400E+1 -4.2070E+1 -3.8802E+1
-3.4569E+1 -3.0292E+1 -2.6805E+1 -2.3165E+1 -1.9298E+1 -1.6900E+1 -1.5484E+1 -1.7890E+1
-2.1918E+1 -2.6944E+1 -3.2901E+1 -3.9409E+1 -4.7184E+1 -5.3740E+1 -5.9428E+1 -6.2861E+1
-6.3976E+1 -6.3547E+1 -6.1313E+1 -5.9269E+1 -5.7982E+1 -5.7402E+1 -5.7293E+1 -5.7320E+1
-5.7234E+1 -5.6560E+1 -5.4590E+1 -5.1757E+1 -4.5503E+1 -3.7745E+1 -2.7393E+1 -1.7971E+1
-9.9414E+0 -1.9121E+0  4.6527E+0  5.3610E+0  4.2412E+0  3.7999E-1 -2.8928E+0 -5.4794E+0
-5.9085E+0 -3.7263E+0  1.9640E-1  7.7475E+0  1.5789E+1  2.2163E+1  2.7731E+1  3.0074E+1
 3.0219E+1  2.7066E+1  2.0692E+1  1.4171E+1  7.4284E+0  4.1188E+0  2.7703E+0  5.8351E+0
 9.6433E+0  1.3947E+1  1.5898E+1  1.7260E+1  1.4685E+1  1.0843E+1  5.0990E+0 -1.1525E+0
-8.2656E+0 -1.6671E+1 -2.2678E+1 -2.7311E+1 -2.9886E+1 -2.9180E+1 -2.7654E+1 -2.2152E+1
-1.7042E+1 -1.3501E+1 -1.0548E+1 -8.4773E+0 -8.0905E+0 -8.8259E+0 -1.1952E+1 -1.4857E+1
-1.7431E+1 -1.5593E+1 -1.1266E+1 -1.4058E+0  1.0263E+1  2.4647E+1  3.7702E+1  4.9871E+1
 6.0331E+1  6.8225E+1  7.3572E+1  7.5097E+1  7.5523E+1  7.5217E+1  7.4911E+1  7.5075E+1
 7.5947E+1  7.6590E+1  7.7080E+1  7.6100E+1  7.3967E+1  7.0105E+1  6.4528E+1  5.7971E+1
 4.9215E+1  3.9451E+1  3.0229E+1  2.2200E+1  1.6426E+1  1.2038E+1  1.0934E+1  1.0677E+1
 1.0983E+1  9.7849E+0  7.7897E+0  2.6062E+0 -5.6592E+0 -1.5816E+1 -2.7654E+1 -3.8660E+1
-4.9495E+1 -5.9652E+1 -6.4920E+1 -6.3020E+1 -5.7456E+1 -4.6396E+1 -3.3473E+1 -1.9308E+1
-7.7467E+0 -1.9612E+0 -7.9676E-1 -1.6180E+0 -5.4179E+0 -1.0150E+1 -1.4845E+1 -1.8461E+1
-1.9944E+1 -2.0005E+1 -1.8589E+1 -1.7358E+1 -1.6867E+1 -1.7995E+1 -2.0202E+1 -2.4799E+1
-2.9665E+1 -3.4936E+1 -3.9689E+1 -4.3566E+1 -4.6324E+1 -4.8881E+1 -5.1387E+1 -5.3716E+1
-5.6045E+1 -5.8374E+1 -6.0850E+1 -6.3424E+1 -6.6244E+1 -6.8401E+1 -7.0118E+1 -7.0730E+1
-7.0828E+1 -7.0154E+1 -6.9235E+1 -6.8254E+1 -6.7703E+1 -6.6955E+1 -6.5913E+1 -6.4266E+1
-6.2468E+1 -5.9588E+1 -5.6660E+1 -5.3664E+1 -5.1321E+1 -4.9415E+1 -4.8739E+1 -4.8617E+1
-4.9475E+1 -5.0259E+1 -5.0994E+1 -5.0123E+1 -4.8629E+1 -4.4645E+1 -3.9488E+1 -3.3549E+1
-2.9616E+1 -2.6184E+1 -2.5911E+1 -2.6098E+1 -2.8121E+1 -3.0511E+1 -3.3146E+1 -3.4985E+1
-3.6652E+1 -3.8062E+1 -3.9227E+1 -4.0452E+1 -4.2169E+1 -4.3958E+1 -4.5797E+1 -4.6233E+1
-4.6275E+1 -4.4743E+1 -4.0730E+1 -3.5064E+1 -2.8090E+1 -2.0790E+1 -1.5723E+1 -1.1735E+1
-1.2062E+1 -1.3827E+1 -1.7750E+1 -2.2592E+1 -2.7459E+1 -3.2362E+1 -3.6187E+1 -3.9484E+1
-4.1752E+1 -4.3284E+1 -4.4326E+1 -4.4381E+1 -4.4547E+1 -4.5160E+1 -4.5809E+1 -4.6484E+1
-4.6606E+1 -4.6266E+1 -4.5230E+1 -4.3161E+1 -4.0403E+1 -3.6154E+1 -3.1850E+1 -2.7328E+1
-2.2828E+1 -1.8360E+1 -1.3742E+1 -9.0224E+0 -4.7728E+0 -6.2120E-1  3.1381E+0  6.3961E+0
 8.9023E+0  1.1743E+1  1.4808E+1  1.8458E+1  2.2119E+1  2.5824E+1  2.9543E+1  3.3281E+1
 3.5162E+1  3.6579E+1  3.5905E+1  3.5151E+1  3.4280E+1  3.3894E+1  3.3833E+1  3.6223E+1
 3.9096E+1  4.2692E+1  4.6516E+1  5.0494E+1  5.3512E+1  5.6290E+1  5.8251E+1  5.9845E+1
 6.0887E+1  6.2229E+1  6.3645E+1  6.5498E+1  6.7507E+1  7.0142E+1  7.2046E+1  7.3463E+1
 7.3991E+1  7.4236E+1  7.4236E+1  7.4302E+1  7.4411E+1  7.5609E+1  7.7331E+1  8.0055E+1
 8.2989E+1  8.6237E+1  8.8979E+1  9.1594E+1  9.2207E+1  9.2746E+1  9.3175E+1  9.3392E+1
 9.3555E+1  9.2943E+1  9.2281E+1  9.1545E+1  9.1485E+1  9.1594E+1  9.2452E+1  9.3408E+1
 9.4512E+1  9.4907E+1  9.5124E+1  9.4389E+1  9.3604E+1  9.2746E+1  9.1790E+1  9.0761E+1
 8.9535E+1  8.8272E+1  8.6985E+1  8.4595E+1  8.2351E+1  8.0329E+1  7.8110E+1  7.5838E+1
 7.3550E+1  7.0888E+1  6.7666E+1  6.4969E+1  6.2199E+1  5.9318E+1  5.6486E+1  5.3875E+1
 5.2098E+1  5.0929E+1  5.0166E+1  5.0259E+1  5.0480E+1  5.0357E+1  4.9499E+1  4.8151E+1
 4.6128E+1  4.4130E+1  4.2169E+1  4.0643E+1  3.9227E+1  3.8859E+1  3.8736E+1  3.8981E+1
 3.9080E+1  3.8987E+1  3.8279E+1  3.7167E+1  3.5451E+1  3.3588E+1  3.1798E+1  3.0450E+1
 2.9947E+1  3.0008E+1  3.1316E+1  3.2840E+1  3.5230E+1  3.7854E+1  4.0632E+1  4.3002E+1
 4.4991E+1  4.5862E+1  4.5993E+1  4.5013E+1  4.2953E+1  4.0403E+1  3.6971E+1  3.4568E+1
 3.2852E+1  3.3220E+1  3.3833E+1  3.4814E+1  3.4879E+1  3.4716E+1  3.3122E+1  3.1504E+1
 2.9849E+1  2.7802E+1  2.5730E+1  2.3953E+1  2.2874E+1  2.2261E+1  2.2806E+1  2.3303E+1
 2.3610E+1  2.3475E+1  2.3046E+1  2.2494E+1  2.2141E+1  2.2087E+1  2.2580E+1  2.3438E+1
 2.4480E+1  2.5279E+1  2.5715E+1  2.6110E+1  2.6478E+1  2.7030E+1  2.7578E+1  2.8123E+1
 2.8488E+1  2.8733E+1  2.9823E+1  3.0940E+1  3.2166E+1  3.3506E+1  3.4923E+1  3.5990E+1
 3.6812E+1  3.6996E+1  3.6775E+1  3.6285E+1  3.6067E+1  3.5745E+1  3.5010E+1  3.3833E+1
 3.2362E+1  3.1443E+1  3.0738E+1  3.0357E+1  2.9506E+1  2.8341E+1  2.6564E+1  2.4492E+1
 2.1979E+1  1.9417E+1  1.7100E+1  1.5813E+1  1.6508E+1  1.8524E+1  2.2457E+1  2.6674E+1
 3.0106E+1  3.2972E+1  3.4988E+1  3.6603E+1  3.7952E+1  3.8279E+1  3.8712E+1  3.9570E+1
 4.0869E+1  4.2463E+1  4.3443E+1  4.4167E+1  4.3860E+1  4.2818E+1  4.1286E+1  3.8589E+1
 3.5451E+1  3.1651E+1  2.7507E+1  2.3303E+1  1.9197E+1  1.5311E+1  1.1572E+1  9.2427E+0
 7.6492E+0  7.1589E+0  7.1098E+0  7.0499E+0  6.5050E+0  5.3200E+0  3.1749E+0  6.8659E-1
-1.8386E+0 -4.1678E+0 -5.8717E+0 -7.1588E+0 -7.4653E+0 -7.4966E+0 -7.1153E+0 -6.7789E+0
-6.4724E+0 -6.4111E+0 -6.1346E+0 -5.5353E+0 -4.3763E+0 -2.8441E+0 -1.2096E+0  3.5545E-1
 1.6427E+0  2.4149E+0  2.8439E+0  2.6805E+0  2.3781E+0  1.5201E+0  2.9421E-1 -1.1770E+0
-3.5672E+0 -6.0555E+0 -8.6910E+0 -1.0052E+1 -1.1229E+1 -1.2945E+1 -1.4992E+1 -1.7260E+1
-1.8458E+1 -1.9564E+1 -2.0300E+1 -2.1072E+1 -2.1869E+1 -2.2604E+1 -2.3351E+1 -2.4113E+1
-2.5375E+1 -2.6968E+1 -2.9297E+1 -3.1896E+1 -3.4900E+1 -3.7118E+1 -3.8994E+1 -4.0281E+1
-4.1188E+1 -4.1842E+1 -4.2806E+1 -4.4216E+1 -4.7097E+1 -4.9389E+1 -5.1289E+1 -5.2821E+1
-5.4157E+1 -5.5199E+1 -5.5713E+1 -5.6094E+1 -5.5971E+1 -5.5702E+1 -5.5211E+1 -5.4590E+1
-5.3936E+1 -5.2895E+1 -5.1812E+1 -5.0668E+1 -4.8960E+1 -4.6876E+1 -4.5187E+1 -4.3640E+1
-4.2659E+1 -4.2781E+1 -4.3640E+1 -4.5438E+1 -4.7591E+1 -5.1163E+1 -5.4182E+1 -5.6748E+1
-5.8055E+1 -5.8546E+1 -5.7810E+1 -5.6661E+1 -5.5408E+1 -5.4488E+1 -5.3471E+1 -5.2306E+1
-5.0940E+1 -4.9523E+1 -4.7685E+1 -4.5906E+1 -4.4217E+1 -4.2855E+1 -4.1711E+1 -4.0845E+1
-4.0232E+1 -4.0354E+1 -4.0273E+1 -4.0055E+1 -3.9815E+1 -3.9398E+1 -3.8295E+1 -3.5827E+1
-3.2449E+1 -2.7981E+1 -2.3241E+1 -1.8230E+1 -1.3272E+1 -8.5321E+0 -4.4458E+0 -1.3403E+0
 6.0061E-1  1.7651E+0  9.6842E-1 -2.2067E-1 -1.9980E+0 -3.3560E+0 -4.6091E+0 -5.5897E+0
-6.4969E+0 -7.2937E+0 -7.6002E+0 -7.7799E+0 -7.9434E+0 -7.6737E+0 -6.7544E+0 -5.7424E+0
-4.7072E+0 -3.3587E+0 -1.6670E+0  5.3938E-1  2.5062E+0  4.4130E+0  5.2098E+0  5.4427E+0
 4.8297E+0  3.7919E+0  2.6479E+0  1.6671E+0  8.5807E-1  3.0648E-1  1.2749E+0  2.4517E+0
 2.9420E+0  2.7950E+0  1.6916E+0 -1.4709E-1 -2.1084E+0 -3.8247E+0 -5.6879E+0 -7.6492E+0
-1.0346E+1 -1.2601E+1 -1.4195E+1 -1.5255E+1 -1.6181E+1 -1.7162E+1 -1.8265E+1 -1.9552E+1
-2.0251E+1 -2.0529E+1 -1.9711E+1 -1.9270E+1 -1.9393E+1 -2.0839E+1 -2.2715E+1 -2.4982E+1
-2.7140E+1 -2.9224E+1 -3.0388E+1 -3.0817E+1 -3.0143E+1 -2.8832E+1 -2.7360E+1 -2.5890E+1
-2.4593E+1 -2.3558E+1 -2.2408E+1 -2.1182E+1 -2.0583E+1 -2.0128E+1 -2.0251E+1 -2.0263E+1
-2.0202E+1 -2.0876E+1 -2.1934E+1 -2.3569E+1 -2.5473E+1 -2.7557E+1 -2.9028E+1 -3.0523E+1
-3.2055E+1 -3.3294E+1 -3.4519E+1 -3.5990E+1 -3.7645E+1 -3.9423E+1 -4.0833E+1 -4.1831E+1
-4.2212E+1 -4.2512E+1 -4.2757E+1 -4.2573E+1 -4.1940E+1 -4.0632E+1 -3.8749E+1 -3.6481E+1
-3.4465E+1 -3.2521E+1 -3.0866E+1 -3.0094E+1 -2.9910E+1 -3.0074E+1 -3.0217E+1 -3.0278E+1
-3.0560E+1 -3.0989E+1 -3.2276E+1 -3.3397E+1 -3.4269E+1 -3.4948E+1 -3.5500E+1 -3.5010E+1
-3.4280E+1 -3.3190E+1 -3.1761E+1 -3.0106E+1 -2.9616E+1 -2.9453E+1 -2.9780E+1 -3.0168E+1
-3.0597E+1 -3.1148E+1 -3.1523E+1 -3.1632E+1 -3.1970E+1 -3.2460E+1 -3.2583E+1 -3.2803E+1
-3.3171E+1 -3.3462E+1 -3.3735E+1 -3.4164E+1 -3.4421E+1 -3.4421E+1 -3.3593E+1 -3.2558E+1
-3.0535E+1 -2.8733E+1 -2.7262E+1 -2.5865E+1 -2.4517E+1 -2.3645E+1 -2.2702E+1 -2.1477E+1
-2.0655E+1 -2.0104E+1 -1.9232E+1 -1.8191E+1 -1.6475E+1 -1.4612E+1 -1.2650E+1 -1.0787E+1
-9.1202E+0 -8.1395E+0 -7.4040E+0 -7.0363E+0 -6.8647E+0 -6.6576E+0 -6.1128E+0 -5.0258E+0
-3.1258E+0 -3.4860E-1  2.6479E+0  5.7534E+0  8.7158E+0  1.1106E+1  1.2226E+1  1.2498E+1
 1.1278E+1  9.7576E+0  8.5317E+0  7.6737E+0  7.0608E+0  8.2866E+0  1.0090E+1  1.2759E+1
 1.5887E+1  1.9319E+1  2.2065E+1  2.4310E+1  2.5236E+1  2.5767E+1  2.5706E+1  2.5105E+1
 2.4506E+1  2.4451E+1  2.4835E+1  2.5877E+1  2.6870E+1  2.7851E+1  2.8280E+1  2.8194E+1
 2.7336E+1  2.6625E+1  2.5966E+1  2.5367E+1  2.4786E+1  2.4235E+1  2.3683E+1  2.3205E+1
 2.3021E+1  2.2980E+1  2.3035E+1  2.3242E+1  2.3401E+1  2.3217E+1  2.2686E+1  2.1923E+1
 2.0447E+1  1.8853E+1  1.7505E+1  1.6487E+1  1.5691E+1  1.6365E+1  1.7401E+1  1.8981E+1
 1.9981E+1  2.0594E+1  1.9069E+1  1.7407E+1  1.5200E+1  1.3067E+1  1.0983E+1  8.6545E+0
 6.2518E+0  3.7387E+0  7.8450E-1 -2.2923E+0 -5.4184E+0 -8.2868E+0 -1.0983E+1 -1.3129E+1
-1.4857E+1 -1.5960E+1 -1.6748E+1 -1.7456E+1 -1.7640E+1 -1.7775E+1 -1.7836E+1 -1.8676E+1
-1.9711E+1 -2.1550E+1 -2.3217E+1 -2.4627E+1 -2.5742E+1 -2.6760E+1 -2.7679E+1 -2.7785E+1
-2.7350E+1 -2.7017E+1 -2.6932E+1 -2.7728E+1 -2.7687E+1 -2.7088E+1 -2.5694E+1 -2.4048E+1
-2.2196E+1 -2.0275E+1 -1.8253E+1 -1.6671E+1 -1.5200E+1 -1.5139E+1 -1.5407E+1 -1.6170E+1
-1.7027E+1 -1.7946E+1 -1.7946E+1 -1.7837E+1 -1.7565E+1 -1.7198E+1 -1.6769E+1 -1.6769E+1
-1.6639E+1 -1.6312E+1 -1.5593E+1 -1.4612E+1 -1.3141E+1 -1.1731E+1 -1.0567E+1 -9.0222E+0
-7.2241E+0 -4.8053E+0 -2.2776E+0  6.5401E-2  2.5007E+0  5.0746E+0  7.0280E+0  8.8261E+0
 1.0624E+1  1.2430E+1  1.4269E+1  1.4710E+1  1.4220E+1  1.2651E+1  1.0849E+1  9.1936E+0
 8.2376E+0  7.7473E+0  8.0537E+0  8.6952E+0  9.8395E+0  1.1364E+1  1.3141E+1  1.3740E+1
 1.4134E+1  1.3705E+1  1.3337E+1  1.3010E+1  1.2798E+1  1.2749E+1  1.3239E+1  1.4056E+1
 1.5091E+1  1.6181E+1  1.6843E+1  1.5740E+1  1.3018E+1  9.2177E+0  4.7442E+0  1.2506E+0
-7.7219E-1 -7.4100E-1 -1.9623E-1  3.1745E+0  6.7229E+0  1.0537E+1  1.3860E+1  1.6857E+1
 1.8584E+1  1.9797E+1  2.0226E+1  2.0757E+1  2.1357E+1  2.2702E+1  2.4255E+1  2.5889E+1
 2.7263E+1  2.8243E+1  2.8047E+1  2.7404E+1  2.6151E+1  2.5301E+1  2.5056E+1  2.4762E+1
 2.4406E+1  2.3855E+1  2.3503E+1  2.3285E+1  2.2702E+1  2.1807E+1  2.0030E+1  1.7664E+1
 1.4906E+1  1.1964E+1  8.9239E+0  5.7365E+0  2.4517E+0 -8.2091E-1 -3.9470E+0 -6.8524E+0
-9.6108E+0 -1.2491E+1 -1.5028E+1 -1.7051E+1 -1.7750E+1 -1.7903E+1 -1.7194E+1 -1.6377E+1
-1.5396E+1 -1.4590E+1 -1.3827E+1 -1.3337E+1 -1.3313E+1 -1.3987E+1 -1.4759E+1 -1.5505E+1
-1.6050E+1 -1.6254E+1 -1.5948E+1 -1.5200E+1 -1.4296E+1 -1.3206E+1 -1.2062E+1 -1.0836E+1
-9.6323E+0 -8.4337E+0 -7.8208E+0 -7.3305E+0 -7.0240E+0 -7.8345E+0 -8.9242E+0 -9.5983E+0
-9.9292E+0 -9.7454E+0 -1.0346E+1 -1.1216E+1 -1.2381E+1 -1.3958E+1 -1.5811E+1 -1.8436E+1
-2.1059E+1 -2.2898E+1 -2.4222E+1 -2.5203E+1 -2.3854E+1 -2.2043E+1 -1.9537E+1 -1.6737E+1
-1.3741E+1 -1.1033E+1 -8.7280E+0 -7.7474E+0 -7.7225E+0 -9.1323E+0 -1.0983E+1 -1.3215E+1
-1.6525E+1 -2.0055E+1 -2.3732E+1 -2.5816E+1 -2.7238E+1 -2.7667E+1 -2.7213E+1 -2.6424E+1
-2.5170E+1 -2.3757E+1 -2.2102E+1 -1.9853E+1 -1.7456E+1 -1.5059E+1 -1.2920E+1 -1.1817E+1
-1.1229E+1 -1.0983E+1 -1.0711E+1 -1.0285E+1 -9.2427E+0 -7.7799E+0 -6.0366E+0 -5.3937E+0
-5.1485E+0 -5.3937E+0 -5.1975E+0 -4.7072E+0 -3.8355E+0 -2.7947E+0 -1.0788E+0  9.8054E-1
 3.2690E+0  5.3828E+0  7.4529E+0  8.4950E+0  9.1447E+0  9.2060E+0  9.5234E+0  9.9047E+0
 1.0640E+1  1.0983E+1  1.0738E+1  8.8752E+0  6.3376E+0  2.7211E+0 -1.6303E+0 -6.4716E+0
-1.0579E+1 -1.3362E+1 -1.4158E+1 -1.3141E+1 -1.1353E+1 -8.3027E+0 -5.4700E+0 -2.9640E+0
-1.1892E+0  9.8047E-2 -1.1984E-1 -4.7793E-1 -1.3974E+0 -2.5742E+0 -3.9227E+0 -4.9035E+0
-5.9577E+0 -7.1220E+0 -8.3846E+0 -9.7958E+0 -1.1702E+1 -1.3631E+1 -1.5593E+1 -1.7064E+1
-1.8056E+1 -1.7627E+1 -1.5527E+1 -1.2313E+1 -8.6294E+0 -5.1318E+0 -2.8438E+0 -7.7365E-1
 9.6960E-1  2.5496E+0  4.0207E+0  4.5111E+0  4.6309E+0  4.1951E+0  3.1381E+0  1.6669E+0
-1.3979E+0 -5.2545E+0 -1.0298E+1 -1.5017E+1 -1.9270E+1 -2.2825E+1 -2.3885E+1 -2.4320E+1
-2.1746E+1 -1.8960E+1 -1.5854E+1 -1.3252E+1 -1.0984E+1 -1.1310E+1 -1.1768E+1 -1.2749E+1
-1.3803E+1 -1.4906E+1 -1.5764E+1 -1.6802E+1 -1.8110E+1 -2.0104E+1 -2.2556E+1 -2.6548E+1
-3.0756E+1 -3.5107E+1 -3.8601E+1 -4.1264E+1 -4.2681E+1 -4.2548E+1 -4.1384E+1 -3.7516E+1
-3.3342E+1 -2.7949E+1 -2.3863E+1 -2.0648E+1 -1.8611E+1 -1.6868E+1 -1.4416E+1 -1.2062E+1
-1.0101E+1 -8.8260E+0 -8.0087E+0 -8.8750E+0 -1.0481E+1 -1.3361E+1 -1.6831E+1 -2.0692E+1
-2.3756E+1 -2.6282E+1 -2.7998E+1 -2.7410E+1 -2.6031E+1 -2.3798E+1 -2.1324E+1 -1.8491E+1
-1.5703E+1 -1.2945E+1 -1.0711E+1 -8.5071E+0 -6.4236E+0 -4.3805E+0 -2.3644E+0 -1.2748E+0
-5.2297E-1 -1.9611E-1 -6.3752E-1 -2.2312E+0 -5.0504E+0 -8.4700E+0 -1.3067E+1 -1.7297E+1
-2.1281E+1 -2.3242E+1 -2.3879E+1 -2.2531E+1 -2.0430E+1 -1.8142E+1 -1.6794E+1 -1.6116E+1
-1.6443E+1 -1.7346E+1 -1.8632E+1 -1.9981E+1 -2.1060E+1 -2.1734E+1 -2.1171E+1 -2.0300E+1
-1.8032E+1 -1.5908E+1 -1.4002E+1 -1.1915E+1 -9.7085E+0 -7.8563E+0 -6.0925E+0 -4.6827E+0
-3.9227E+0 -3.5958E+0 -4.5600E+0 -6.0555E+0 -8.3848E+0 -1.0824E+1 -1.3337E+1 -1.5360E+1
-1.7088E+1 -1.8375E+1 -1.8284E+1 -1.7848E+1 -1.5887E+1 -1.3533E+1 -1.0592E+1 -8.6300E+0
-7.3222E+0 -7.4531E+0 -7.9312E+0 -8.3602E+0 -8.4950E+0 -8.4337E+0 -7.7800E+0 -6.9874E+0
-5.6389E+0 -4.2823E+0 -2.9204E+0 -1.8634E+0 -1.1278E+0 -1.3729E+0 -1.8633E+0 -2.5170E+0
-2.8439E+0 -3.2730E+0 -4.4376E+0 -6.1905E+0 -8.3354E+0 -1.1278E+1 -1.4269E+1 -1.7334E+1
-1.8731E+1 -1.9276E+1 -1.8077E+1 -1.6843E+1 -1.5556E+1 -1.4906E+1 -1.4416E+1 -1.4477E+1
-1.4612E+1 -1.4857E+1 -1.5347E+1 -1.5865E+1 -1.6246E+1 -1.6426E+1 -1.6304E+1 -1.4955E+1
-1.3052E+1 -1.0154E+1 -7.2561E+0 -1.4271E+0  4.3147E+0  9.7079E+0  1.4622E+1  1.8818E+1
 2.1934E+1  2.4331E+1  2.5791E+1  2.6846E+1  2.7213E+1  2.7230E+1  2.7012E+1  2.6772E+1
 2.6539E+1  2.6355E+1  2.5914E+1  2.5301E+1  2.4974E+1  2.4578E+1  2.3904E+1  2.3303E+1
 2.2751E+1  2.2588E+1  2.2580E+1  2.3193E+1  2.4137E+1  2.5301E+1  2.6336E+1  2.7287E+1
 2.7900E+1  2.8439E+1  2.8930E+1  2.9692E+1  3.0585E+1  3.1994E+1  3.2918E+1  3.3517E+1
 3.3392E+1  3.2705E+1  3.0499E+1  2.8072E+1  2.5497E+1  2.3168E+1  2.1256E+1  1.9969E+1
 1.9232E+1  1.8633E+1  1.9675E+1  2.1183E+1  2.3389E+1  2.5573E+1  2.7753E+1  2.9932E+1
 3.1982E+1  3.3514E+1  3.4879E+1  3.6132E+1  3.6383E+1  3.6272E+1  3.5721E+1  3.5500E+1
 3.5500E+1  3.6481E+1  3.7572E+1  3.9104E+1  4.0632E+1  4.2158E+1  4.3640E+1  4.5013E+1
 4.5993E+1  4.7023E+1  4.8126E+1  4.8826E+1  4.9425E+1  4.9732E+1  5.0038E+1  5.0345E+1
 5.0319E+1  5.0210E+1  4.9658E+1  4.8543E+1  4.6582E+1  4.4915E+1  4.3309E+1  4.1654E+1
 4.0109E+1  3.8638E+1  3.7603E+1  3.6652E+1  3.6040E+1  3.6235E+1  3.6971E+1  3.7516E+1
 3.7939E+1  3.7878E+1  3.8074E+1  3.8442E+1  3.8987E+1  3.9557E+1  4.0232E+1  4.0832E+1
 4.1384E+1  4.2201E+1  4.2978E+1  4.3591E+1  4.4261E+1  4.4969E+1  4.5307E+1  4.5478E+1
 4.5356E+1  4.5176E+1  4.4958E+1  4.5013E+1  4.5074E+1  4.4890E+1  4.4882E+1  4.4991E+1
 4.5013E+1  4.5025E+1  4.5086E+1  4.5184E+1  4.5307E+1  4.5634E+1  4.5797E+1  4.5307E+1
 4.4154E+1  4.2561E+1  4.0109E+1  3.7486E+1  3.4605E+1  3.1185E+1  2.7532E+1  2.3486E+1
 2.0913E+1  1.9319E+1  1.8829E+1  1.8363E+1  1.7995E+1  1.8032E+1  1.8338E+1  1.8584E+1
 1.8774E+1  1.8883E+1  1.9295E+1  1.9908E+1  2.0507E+1  2.1109E+1  2.1722E+1  2.2114E+1
 2.2359E+1  2.2577E+1  2.2653E+1  2.2163E+1  2.1415E+1  2.0496E+1  2.0312E+1  2.0223E+1
 2.0278E+1  1.9748E+1  1.8829E+1  1.7664E+1  1.6303E+1  1.4648E+1  1.3577E+1  1.2651E+1
 1.1854E+1  1.0934E+1  9.8313E+0  9.3164E+0  9.0003E+0  8.8914E+0  9.1448E+0  9.9414E+0
 1.0052E+1  9.7195E+0  8.3031E+0  6.4971E+0  4.1066E+0  1.4709E+0 -1.2996E+0 -4.3637E+0
-7.2811E+0 -1.0101E+1 -1.0652E+1 -1.0616E+1 -9.6962E+0 -8.4227E+0 -7.0607E+0 -5.1606E+0
-3.4758E+0 -2.1138E+0 -1.2013E+0 -5.8840E-1 -5.8840E-1 -6.7419E-1 -1.1033E+0 -1.4220E+0
-1.6670E+0 -9.0432E-1  6.1730E-5  1.4712E+0  2.7787E+0  3.9771E+0  4.0207E+0  3.4935E+0
 1.8389E+0 -1.1007E-1 -2.2554E+0 -4.1556E+0 -5.6225E+0 -6.4397E+0 -6.9504E+0 -7.2569E+0
-7.2569E+0 -7.4776E+0 -8.0291E+0 -9.0548E+0 -1.0199E+1 -1.1978E+1 -1.3519E+1 -1.4318E+1
-1.4677E+1 -1.4023E+1 -1.2798E+1 -1.0714E+1 -8.4229E+0 -6.0799E+0 -3.9351E+0 -2.0596E+0
-5.8851E-1  6.6472E-1  1.8635E+0  3.0278E+0  3.8573E+0  4.1842E+0  3.9104E+0  3.2363E+0
 1.5201E+0 -1.9615E-1 -1.9124E+0 -2.7350E+0 -3.3342E+0 -3.1504E+0 -2.9665E+0 -2.7826E+0
-3.4869E+0 -4.4130E+0 -6.5584E+0 -8.5809E+0 -1.0419E+1 -1.1327E+1 -1.1463E+1 -9.4473E+0
-6.3750E+0 -1.7165E+0  3.6614E+0  9.2188E+0  1.2344E+1  1.4198E+1  1.4143E+1  1.2430E+1
 9.6109E+0  5.7494E+0  2.2310E+0 -7.7251E-1 -1.1768E+0 -4.1447E-1  2.4189E+0  6.0560E+0
 1.0898E+1  1.4525E+1  1.7848E+1  1.8645E+1  1.8265E+1  1.6120E+1  1.2504E+1  8.6176E+0
 5.1237E+0  2.7785E+0  1.1987E+0  2.4517E-1 -4.6584E-1 -8.3362E-1 -1.7898E+0 -3.1380E+0
-5.7533E+0 -8.4585E+0 -1.1523E+1 -1.4219E+1 -1.6671E+1 -1.8388E+1 -1.9466E+1 -1.9589E+1
-1.8219E+1 -1.6475E+1 -1.3778E+1 -1.1724E+1 -1.0635E+1 -1.0824E+1 -1.1866E+1 -1.3398E+1
-1.4808E+1 -1.6034E+1 -1.5974E+1 -1.5593E+1 -1.3570E+1 -1.0812E+1 -6.9503E+0 -2.8222E+0
 1.3725E+0  4.6826E+0  7.0826E+0  8.1176E+0  8.4215E+0  8.2376E+0  7.1343E+0  6.1046E+0
 5.1854E+0  4.0862E+0  2.9420E+0  2.4516E+0  2.1575E+0  2.1575E+0  1.7162E+0  8.9348E-1
-1.0132E+0 -3.7016E+0 -7.5633E+0 -1.1376E+1 -1.5066E+1 -1.8314E+1 -2.1121E+1 -2.3634E+1
-2.4370E+1 -2.4767E+1 -2.4658E+1 -2.4247E+1 -2.3634E+1 -2.3695E+1 -2.3830E+1 -2.4075E+1
-2.3689E+1 -2.3144E+1 -2.1428E+1 -1.9761E+1 -1.8167E+1 -1.7499E+1 -1.7064E+1 -1.7064E+1
-1.6696E+1 -1.5776E+1 -1.4285E+1 -1.2651E+1 -1.1302E+1 -1.0321E+1 -9.8924E+0 -1.0940E+1
-1.2356E+1 -1.4563E+1 -1.6770E+1 -1.8976E+1 -2.0888E+1 -2.2702E+1 -2.4419E+1 -2.5922E+1
-2.7284E+1 -2.8292E+1 -2.9163E+1 -2.9837E+1 -3.0254E+1 -3.0499E+1 -2.9681E+1 -2.9077E+1
-2.9322E+1 -2.9236E+1 -2.8930E+1 -2.7840E+1 -2.6551E+1 -2.4468E+1 -2.2621E+1 -2.0932E+1
-1.9515E+1 -1.8081E+1 -1.6304E+1 -1.4579E+1 -1.2890E+1 -1.1572E+1 -1.0493E+1 -1.0003E+1
-1.0101E+1 -1.0591E+1 -1.0738E+1 -1.0591E+1 -9.6104E+0 -8.1721E+0 -6.4288E+0 -4.9523E+0
-3.6897E+0 -3.0154E+0 -2.7786E+0 -2.8330E+0 -2.6478E+0 -2.4394E+0 -2.3781E+0 -2.2882E+0
-2.1792E+0 -2.4517E+0 -2.8561E+0 -3.4078E+0 -4.1433E+0 -5.0014E+0 -4.5655E+0 -3.7757E+0
-1.5690E+0  1.1157E+0  4.1192E+0  6.4616E+0  8.8383E+0  1.1351E+1  1.3762E+1  1.6105E+1
 1.9515E+1  2.2980E+1  2.5595E+1  2.7900E+1  2.9739E+1  3.0150E+1  3.0204E+1  2.8550E+1
 2.6453E+1  2.3695E+1  1.9957E+1  1.5973E+1  1.1989E+1  8.7402E+0  5.9820E+0  5.3692E+0
 5.3064E+0  6.0692E+0  6.8892E+0  7.7473E+0  8.0197E+0  8.2621E+0  8.3847E+0  8.9118E+0
 9.7085E+0  1.0934E+1  1.2367E+1  1.4111E+1  1.6353E+1  1.8927E+1  2.0616E+1  2.2114E+1
 2.2849E+1  2.2702E+1  2.1967E+1  2.0714E+1  1.9221E+1  1.6770E+1  1.4685E+1  1.2847E+1
 1.2295E+1  1.2182E+1  1.2727E+1  1.3423E+1  1.4220E+1  1.4036E+1  1.3664E+1  1.3010E+1
 1.2418E+1  1.1866E+1  1.2540E+1  1.3381E+1  1.4470E+1  1.5826E+1  1.7358E+1  1.8121E+1
 1.8853E+1  1.9466E+1  1.9969E+1  2.0398E+1  2.1106E+1  2.2089E+1  2.4173E+1  2.5824E+1
 2.7186E+1  2.7410E+1  2.7263E+1  2.6772E+1  2.5988E+1  2.5007E+1  2.4026E+1  2.3131E+1
 2.2580E+1  2.2555E+1  2.2882E+1  2.4075E+1  2.5485E+1  2.6895E+1  2.7655E+1  2.7982E+1
 2.7459E+1  2.6711E+1  2.5914E+1  2.5497E+1  2.5334E+1  2.5350E+1  2.5289E+1  2.4737E+1
 2.3438E+1  2.1640E+1  1.8976E+1  1.5973E+1  1.2479E+1  8.9115E+0  5.2952E+0  2.9053E+0
 1.2095E+0  5.5567E-1  2.2065E-1  9.8085E-2  9.8067E-2 -7.3547E-2 -5.0262E-1 -1.0243E+0
-1.5690E+0 -1.4465E+0 -1.0896E+0 -3.8143E-1  2.6964E-1  8.8260E-1  3.9223E-1 -1.0918E-2
-2.8330E-1 -5.3937E-1 -7.8456E-1 -1.2135E+0 -1.7896E+0 -2.5864E+0 -3.2253E+0 -3.8246E+0
-4.1923E+0 -4.5110E+0 -4.7562E+0 -5.5897E+0 -6.5703E+0 -6.6930E+0 -6.4479E+0 -5.6510E+0
-4.0098E+0 -2.1576E+0  6.6194E-1  3.0510E+0  4.7942E+0  5.9697E+0  6.7666E+0  6.5214E+0
 6.0038E+0  5.0777E+0  4.4130E+0  3.9227E+0  4.4129E+0  4.7562E+0  4.8788E+0  4.3367E+0
 3.6282E+0  1.9123E+0  7.3720E-2 -1.9490E+0 -2.6478E+0 -2.5604E+0 -6.5375E-1  2.1084E+0
 6.1539E+0  1.0101E+1  1.4023E+1  1.6843E+1  1.8883E+1  1.9755E+1  1.9442E+1  1.8338E+1
 1.7235E+1  1.6377E+1  1.5887E+1  1.5484E+1  1.5102E+1  1.4060E+1  1.2773E+1  1.1118E+1
 9.1692E+0  7.1342E+0  5.0502E+0  2.7825E+0  3.9252E-1 -1.1877E+0 -2.7092E+0 -3.9961E+0
-5.3567E+0 -6.7665E+0 -9.0345E+0 -1.1523E+1 -1.4342E+1 -1.6649E+1 -1.8829E+1 -2.0055E+1
-2.0667E+1 -2.0361E+1 -1.9341E+1 -1.8142E+1 -1.6610E+1 -1.5298E+1 -1.4318E+1 -1.3288E+1
-1.2324E+1 -1.1670E+1 -1.1278E+1 -1.1278E+1 -1.1866E+1 -1.2651E+1 -1.3631E+1 -1.4489E+1
-1.5164E+1 -1.4514E+1 -1.3392E+1 -1.1703E+1 -9.2917E+0 -5.7987E+0 -2.8443E+0 -4.0320E-1
 5.2310E-1  4.9019E-1 -9.8056E-1 -4.3638E+0 -8.1887E+0 -1.1866E+1 -1.4771E+1 -1.7161E+1
-1.6998E+1 -1.6696E+1 -1.5838E+1 -1.5053E+1 -1.4318E+1 -1.4863E+1 -1.5654E+1 -1.7431E+1
-1.9245E+1 -2.1084E+1 -2.1820E+1 -2.1956E+1 -2.1193E+1 -1.9858E+1 -1.8142E+1 -1.6794E+1
-1.5680E+1 -1.4917E+1 -1.4097E+1 -1.3239E+1 -1.2258E+1 -1.1400E+1 -1.0726E+1 -9.8939E+0
-9.0222E+0 -8.3480E+0 -7.6737E+0 -6.9994E+0 -6.2544E+0 -5.4918E+0 -4.9401E+0 -4.5846E+0
-4.5233E+0 -4.6418E+0 -4.8053E+0 -5.2956E+0 -5.6634E+0 -5.8472E+0 -5.8840E+0 -5.7642E+0
-5.1649E+0 -4.5357E+0 -3.8614E+0 -3.7756E+0 -4.0208E+0 -5.0015E+0 -6.3091E+0 -7.8345E+0
-9.9539E+0 -1.2381E+1 -1.5445E+1 -1.8032E+1 -2.0300E+1 -2.1035E+1 -2.1354E+1 -2.1048E+1
-2.0638E+1 -2.0202E+1 -1.9956E+1 -1.9638E+1 -1.9209E+1 -1.9036E+1 -1.8927E+1 -1.8498E+1
-1.8020E+1 -1.7468E+1 -1.7260E+1 -1.7303E+1 -1.8012E+1 -1.9123E+1 -2.0839E+1 -2.2310E+1
-2.3585E+1 -2.4320E+1 -2.3896E+1 -2.2697E+1 -1.9662E+1 -1.6022E+1 -1.1793E+1 -8.3031E+0
-5.3069E+0 -3.0893E+0 -1.2531E+0 -1.6333E-1  5.6390E-1  7.4775E-1  6.3744E-1  1.9607E-1
-1.2750E+0 -2.7133E+0 -4.1297E+0 -6.1293E+0 -8.2500E+0 -1.0272E+1 -1.2515E+1 -1.4906E+1
-1.5642E+1 -1.5821E+1 -1.5168E+1 -1.4391E+1 -1.3533E+1 -1.2369E+1 -1.1190E+1 -9.9919E+0
-8.4827E+0 -6.7664E+0 -5.2344E+0 -4.2414E+0 -4.0575E+0 -5.1976E+0 -6.6690E+0 -9.3041E+0
-1.1939E+1 -1.4575E+1 -1.6671E+1 -1.8449E+1 -1.9491E+1 -1.9875E+1 -1.9820E+1 -1.9221E+1
-1.8694E+1 -1.9000E+1 -1.9450E+1 -1.9995E+1 -1.9564E+1 -1.8571E+1 -1.6304E+1 -1.4024E+1
-1.1736E+1 -1.0248E+1 -9.1692E+0 -8.9240E+0 -9.4798E+0 -1.0569E+1 -1.1327E+1 -1.2087E+1
-1.3190E+1 -1.3962E+1 -1.4514E+1 -1.4241E+1 -1.3729E+1 -1.2258E+1 -1.1192E+1 -1.0395E+1
-9.9048E+0 -9.1817E+0 -7.5267E+0 -5.7532E+0 -3.9006E+0 -2.2064E+0 -6.1300E-1  7.3551E-1
 1.3076E+0  1.3620E+0  4.4137E-1 -7.3551E-1 -1.9614E+0 -3.0401E+0 -4.0206E+0 -5.3827E+0
-6.8158E+0 -8.5321E+0 -1.0138E+1 -1.1670E+1 -1.1976E+1 -1.1659E+1 -1.0406E+1 -8.2500E+0
-5.4917E+0 -3.0948E+0 -7.2356E-1  1.5444E+0  3.2239E+0  4.5111E+0  4.7835E+0  4.9769E+0
 4.8543E+0  5.3202E+0  6.1784E+0  7.5403E+0  9.0467E+0  1.1131E+1  1.2454E+1  1.3272E+1
 1.3239E+1  1.2785E+1  1.1498E+1  1.0211E+1  8.9241E+0  8.0523E+0  7.1219E+0  5.9576E+0
 4.4254E+0  2.6478E+0  6.2503E-1 -1.8389E+0 -4.9643E+0 -7.4528E+0 -9.3926E+0 -9.7739E+0
-9.2921E+0 -7.5145E+0 -5.4154E+0 -3.2358E+0 -9.0715E-1  1.0786E+0  2.5497E+0  4.2385E+0
 5.9818E+0  9.0464E+0  1.2106E+1  1.5157E+1  1.7922E+1  2.0496E+1  2.0741E+1  2.0191E+1
 1.8448E+1  1.6500E+1  1.4416E+1  1.2883E+1  1.1694E+1  1.1020E+1  1.1365E+1  1.1964E+1
 1.3312E+1  1.4930E+1  1.6953E+1  1.9014E+1  2.1085E+1  2.2617E+1  2.3511E+1  2.3450E+1
 2.2958E+1  2.2359E+1  2.1869E+1  2.1354E+1  2.0802E+1  2.0006E+1  1.9232E+1  1.8796E+1
 1.8731E+1  1.9221E+1  1.9123E+1  1.8774E+1  1.8012E+1  1.7505E+1  1.7382E+1  1.7260E+1
 1.7002E+1  1.6205E+1  1.5821E+1  1.5712E+1  1.5396E+1  1.4955E+1  1.4220E+1  1.3631E+1
 1.3141E+1  1.2651E+1  1.2258E+1  1.2258E+1  1.2295E+1  1.2356E+1  1.2111E+1  1.1681E+1
 1.0973E+1  1.0101E+1  9.1202E+0  9.3654E+0  1.0014E+1  1.1267E+1  1.3018E+1  1.5102E+1
 1.5899E+1  1.6050E+1  1.5233E+1  1.3509E+1  1.1180E+1  8.4831E+0  6.2763E+0  4.8052E+0
 4.2168E+0  4.0535E+0  4.7072E+0  5.6389E+0  6.9874E+0  8.8260E+0  1.0602E+1  1.1637E+1
 1.2602E+1  1.3460E+1  1.4122E+1  1.4634E+1  1.4743E+1  1.4318E+1  1.3092E+1  1.1572E+1
 9.9782E+0  8.3845E+0  7.1588E+0  6.1783E+0  6.1782E+0  6.3499E+0  7.2078E+0  8.0659E+0
 8.9240E+0  9.9048E+0  1.0787E+1  1.1278E+1  1.1878E+1  1.2553E+1  1.4132E+1  1.5801E+1
 1.7823E+1  1.9295E+1  2.0398E+1  2.0398E+1  2.0263E+1  1.9589E+1  1.9246E+1  1.9123E+1
 1.8578E+1  1.8093E+1  1.7848E+1  1.7860E+1  1.8044E+1  1.8718E+1  1.9515E+1  2.0496E+1
 2.1623E+1  2.2849E+1  2.3585E+1  2.4113E+1  2.4331E+1  2.4161E+1  2.3732E+1  2.3671E+1
 2.3266E+1  2.2347E+1  2.1248E+1  2.0104E+1  1.8755E+1  1.7235E+1  1.5458E+1  1.2602E+1
 9.6226E+0  7.2321E+0  5.5570E+0  4.3585E+0  3.6775E+0  3.2975E+0  3.6039E+0  4.4456E+0
 5.6444E+0  7.4039E+0  9.3528E+0  1.1498E+1  1.3501E+1  1.5408E+1  1.6720E+1  1.7775E+1
 1.8387E+1  1.8600E+1  1.8545E+1  1.8633E+1  1.8927E+1  1.9908E+1  2.0921E+1  2.1956E+1
 2.2408E+1  2.2433E+1  2.1329E+1  1.9973E+1  1.8447E+1  1.6769E+1  1.5176E+1  1.4073E+1
 1.3521E+1  1.3337E+1  1.2785E+1  1.2106E+1  1.1234E+1  1.0444E+1  9.7086E+0  9.3408E+0
 8.9730E+0  8.6054E+0  8.2267E+0  7.8453E+0  7.6615E+0  7.6492E+0  7.8943E+0  8.5535E+0
 9.3162E+0  1.0113E+1  1.0409E+1  9.9521E+0  9.4955E+0  9.0390E+0  8.5825E+0  8.1260E+0
 7.2372E+0  6.0605E+0  4.7071E+0  3.2359E+0  1.4588E+0 -3.1857E-1 -2.0962E+0 -3.1872E+0
-4.1080E+0 -5.0341E+0 -5.9575E+0 -6.8770E+0 -7.6001E+0 -8.2620E+0 -8.8750E+0 -9.6759E+0
-1.0602E+1 -1.1670E+1 -1.2663E+1 -1.3214E+1 -1.3913E+1 -1.4710E+1 -1.5255E+1 -1.5789E+1
-1.6279E+1 -1.6880E+1 -1.7554E+1 -1.7881E+1 -1.8118E+1 -1.7995E+1 -1.7394E+1 -1.6475E+1
-1.5712E+1 -1.5029E+1 -1.4661E+1 -1.4845E+1 -1.5396E+1 -1.6105E+1 -1.6916E+1 -1.8142E+1
-1.9736E+1 -2.1575E+1 -2.3352E+1 -2.5356E+1 -2.7698E+1 -2.9150E+1 -3.0008E+1 -2.9641E+1
-2.9028E+1 -2.8047E+1 -2.6515E+1 -2.4615E+1 -2.2980E+1 -2.1391E+1 -1.9981E+1 -1.8865E+1
-1.7946E+1 -1.7728E+1 -1.7517E+1 -1.7333E+1 -1.6892E+1 -1.6279E+1 -1.5734E+1 -1.5139E+1
-1.4342E+1 -1.4024E+1 -1.4024E+1 -1.4187E+1 -1.4342E+1 -1.4465E+1 -1.4330E+1 -1.4023E+1
-1.3315E+1 -1.2491E+1 -1.1204E+1 -1.0362E+1 -9.8176E+0 -9.6596E+0 -9.6228E+0 -9.6841E+0
-9.9660E+0 -1.0395E+1 -1.0776E+1 -1.1327E+1 -1.2552E+1 -1.3962E+1 -1.5494E+1 -1.5930E+1
-1.5985E+1 -1.4514E+1 -1.1903E+1 -8.5316E+0 -5.3720E+0 -2.3416E+0  1.7156E-1  1.6671E+0
 2.4842E+0  1.8143E+0  4.9038E-1 -1.9615E+0 -3.7266E+0 -5.0340E+0 -5.6388E+0 -5.7859E+0
-4.8051E+0 -4.1514E+0 -3.7156E+0 -4.2169E+0 -5.0137E+0 -6.0555E+0 -6.8319E+0 -7.4313E+0
-7.5511E+0 -7.4899E+0 -7.1834E+0 -6.9300E+0 -6.7121E+0 -5.6388E+0 -4.3763E+0 -3.2117E+0
-2.0594E+0 -9.1544E-1  1.2256E+0  3.6039E+0  5.9331E+0  7.2896E+0  7.9978E+0  8.3356E+0
 8.4705E+0  8.1640E+0  8.0088E+0  7.9543E+0  8.8751E+0  1.0064E+1  1.1351E+1  1.1964E+1
 1.2128E+1  1.1180E+1  9.5253E+0  6.1540E+0  2.7092E+0 -7.8468E-1 -3.9108E+0 -6.3009E+0
-7.5878E+0 -7.6274E+0 -7.3550E+0 -7.2937E+0 -7.5755E+0 -8.3724E+0 -9.7084E+0 -1.1179E+1
-1.2467E+1 -1.3827E+1 -1.5298E+1 -1.5936E+1 -1.6137E+1 -1.5429E+1 -1.4734E+1 -1.4060E+1
-1.2896E+1 -1.1463E+1 -9.4471E+0 -7.3549E+0 -5.1488E+0 -4.4621E+0 -4.3585E+0 -5.0668E+0
-5.7369E+0 -6.3498E+0 -6.7175E+0 -6.7775E+0 -5.8514E+0 -4.4132E+0 -2.2066E+0  9.8138E-2
 2.1902E+0  3.3342E+0  4.0943E+0  4.2782E+0  3.3341E+0  2.1573E+0  1.1767E+0  2.2061E-1
-6.9883E-1 -1.2258E+0 -1.5691E+0 -1.5691E+0 -1.6344E+0 -1.7434E+0 -1.8142E+0 -1.9491E+0
-2.3781E+0 -2.1902E+0 -1.5909E+0 -1.1278E+0 -8.0905E-1 -9.3164E-1 -8.8259E-1 -7.1916E-1
-1.9611E-1  4.4134E-1  1.1767E+0  1.8305E+0  2.4299E+0  2.3536E+0  1.8263E+0  1.7167E-1
-1.7406E+0 -3.8246E+0 -5.1321E+0 -6.4110E+0 -7.5756E+0 -7.9311E+0 -7.7471E+0 -6.4602E+0
-5.0125E+0 -3.3234E+0 -1.1398E+0  1.3730E+0  1.5364E+0  1.5813E+0  1.1522E+0  1.0174E+0
 1.0787E+0  2.0594E+0  3.1382E+0  4.6090E+0  6.3373E+0  8.2375E+0  9.2183E+0  1.0076E+1
 1.0444E+1  1.0187E+1  9.5124E+0  8.6408E+0  7.7719E+0  6.9137E+0  6.6440E+0  6.7666E+0
 7.3182E+0  7.9542E+0  8.7170E+0  8.7647E+0  8.3356E+0  7.9679E+0  7.3550E+0  6.3742E+0
 5.5775E+0  4.9034E+0  4.2904E+0  3.7756E+0  3.4078E+0  2.3754E+0  1.1769E+0 -8.4585E-1
-2.8931E+0 -4.9772E+0 -6.0802E+0 -6.8864E+0 -7.4858E+0 -8.0170E+0 -8.4459E+0 -9.0711E+0
-9.7331E+0 -1.0346E+1 -1.0558E+1 -1.0504E+1 -1.0444E+1 -1.0260E+1 -9.5859E+0 -8.6297E+0
-7.4857E+0 -6.8156E+0 -6.4479E+0 -6.8156E+0 -7.3550E+0 -8.0088E+0 -8.3356E+0 -8.4215E+0
-7.8699E+0 -7.1588E+0 -6.3415E+0 -5.2955E+0 -4.1189E+0 -2.6478E+0 -1.8633E+0 -1.5364E+0
-2.0103E+0 -2.8807E+0 -4.5357E+0 -5.8962E+0 -7.0606E+0 -7.6056E+0 -8.2254E+0 -9.1448E+0
-9.1814E+0 -8.6299E+0 -8.0305E+0 -7.5143E+0 -7.3305E+0 -7.4775E+0 -7.8453E+0 -7.6274E+0
-7.4041E+0 -7.1589E+0 -6.5459E+0 -5.6878E+0 -5.0886E+0 -4.5479E+0 -4.2414E+0 -4.0452E+0
-3.9226E+0 -3.6502E+0 -3.4078E+0 -3.2852E+0 -3.2730E+0 -3.3343E+0 -2.3536E+0 -1.4832E+0
-1.0542E+0 -1.2136E+0 -1.7651E+0 -1.8197E+0 -1.9982E+0 -2.6723E+0 -3.8612E+0 -5.3936E+0
-6.4357E+0 -7.0390E+0 -6.9845E+0 -6.5950E+0 -5.9820E+0 -5.3691E+0 -4.4782E+0 -3.1707E+0
-2.8685E+0 -3.2363E+0 -3.9717E+0 -4.2823E+0 -3.9553E+0 -3.8246E+0 -3.8246E+0 -4.9277E+0
-5.8513E+0 -6.5052E+0 -6.9873E+0 -7.3550E+0 -8.3356E+0 -9.3654E+0 -1.0469E+1 -1.1735E+1
-1.3043E+1 -1.3656E+1 -1.4146E+1 -1.4453E+1 -1.5037E+1 -1.5691E+1 -1.6488E+1 -1.7113E+1
-1.7480E+1 -1.7815E+1 -1.8142E+1 -1.8387E+1 -1.8706E+1 -1.9135E+1 -1.9221E+1 -1.9221E+1
-1.9711E+1 -2.0422E+1 -2.1464E+1 -2.2457E+1 -2.3318E+1 -2.3699E+1 -2.4247E+1 -2.5044E+1
-2.5056E+1 -2.4735E+1 -2.3863E+1 -2.3021E+1 -2.2224E+1 -2.1526E+1 -2.1041E+1 -2.1313E+1
-2.1722E+1 -2.2335E+1 -2.2849E+1 -2.3307E+1 -2.3634E+1 -2.3830E+1 -2.3830E+1 -2.4173E+1
-2.4538E+1 -2.4647E+1 -2.4982E+1 -2.5657E+1 -2.5988E+1 -2.6107E+1 -2.5726E+1 -2.5301E+1
-2.4811E+1 -2.3732E+1 -2.2588E+1 -2.1771E+1 -2.0815E+1 -1.9650E+1 -1.8731E+1 -1.7892E+1
-1.7129E+1 -1.6402E+1 -1.5727E+1 -1.5505E+1 -1.5396E+1 -1.5213E+1 -1.5225E+1 -1.5531E+1
-1.5375E+1 -1.5102E+1 -1.4244E+1 -1.3680E+1 -1.3558E+1 -1.3490E+1 -1.3435E+1 -1.2945E+1
-1.2700E+1 -1.2822E+1 -1.3239E+1 -1.3697E+1 -1.4024E+1 -1.4342E+1 -1.4649E+1 -1.4171E+1
-1.3457E+1 -1.2585E+1 -1.1572E+1 -1.0346E+1 -9.1202E+0 -8.1068E+0 -7.9434E+0 -7.8208E+0
-7.7595E+0 -8.1395E+0 -8.7498E+0 -9.8393E+0 -1.0542E+1 -1.0665E+1 -1.0052E+1 -9.2944E+0
-8.6952E+0 -8.5563E+0 -9.1080E+0 -1.0248E+1 -1.1535E+1 -1.2822E+1 -1.4036E+1 -1.5200E+1
-1.6018E+1 -1.6916E+1 -1.8142E+1 -1.9037E+1 -1.9711E+1 -1.9766E+1 -1.9662E+1 -1.8927E+1
-1.8633E+1 -1.8633E+1 -1.8251E+1 -1.7873E+1 -1.7505E+1 -1.7100E+1 -1.6671E+1 -1.7100E+1
-1.7358E+1 -1.7358E+1 -1.7321E+1 -1.7260E+1 -1.7260E+1 -1.7282E+1 -1.7336E+1 -1.6769E+1
-1.5789E+1 -1.4563E+1 -1.3196E+1 -1.1615E+1 -1.0395E+1 -9.4143E+0 -9.1079E+0 -9.1637E+0
-9.7631E+0 -1.0775E+1 -1.2062E+1 -1.2920E+1 -1.3740E+1 -1.4503E+1 -1.5139E+1 -1.5691E+1
-1.5384E+1 -1.4882E+1 -1.4085E+1 -1.3577E+1 -1.3141E+1 -1.2773E+1 -1.2503E+1 -1.2381E+1
-1.2356E+1 -1.2356E+1 -1.2663E+1 -1.3141E+1 -1.3876E+1 -1.4759E+1 -1.5571E+1 -1.5952E+1
-1.6034E+1 -1.5666E+1 -1.5070E+1 -1.4416E+1 -1.4171E+1 -1.3876E+1 -1.3509E+1 -1.3288E+1
-1.3083E+1 -1.2792E+1 -1.2502E+1 -1.2211E+1 -1.1921E+1 -1.1630E+1 -1.0905E+1 -1.0071E+1
-9.2378E+0 -8.4043E+0 -8.2602E+0 -8.2885E+0 -8.3168E+0 -8.3451E+0 -8.3734E+0 -8.4017E+0
-8.4299E+0 -8.4582E+0 -8.4865E+0 -8.5148E+0 -8.2877E+0 -7.6775E+0 -7.0673E+0 -6.4571E+0
-5.8469E+0 -5.2367E+0 -4.6265E+0 -4.0164E+0 -3.4062E+0 -3.3807E+0 -4.2323E+0 -5.0839E+0
-5.9355E+0 -6.3498E+0 -6.4724E+0 -6.1455E+0 -5.6877E+0 -4.7072E+0 -3.3589E+0 -1.7652E+0
-2.3100E+0 -2.7459E+0 -2.7459E+0 -2.5252E+0 -2.1574E+0 -1.7761E+0 -1.4342E+0 -1.2503E+0
-1.0297E+0 -7.8450E-1 -6.2107E-1 -6.2519E-1 -1.2994E+0 -2.0472E+0 -2.8438E+0 -3.0891E+0
-3.0183E+0 -2.4735E+0 -1.8143E+0 -1.0788E+0 -1.0242E+0 -1.0543E+0 -1.4220E+0 -1.7161E+0
-1.9613E+0 -1.6548E+0 -1.2966E+0 -8.6080E-1 -4.6581E-1 -9.8083E-2 -2.8193E-1 -5.8834E-1
-1.0787E+0 -2.0840E+0 -3.4325E+0 -4.4130E+0 -5.1730E+0 -5.6021E+0 -5.4699E+0 -5.1976E+0
-5.1975E+0 -5.0749E+0 -4.7685E+0 -4.8815E+0 -5.0994E+0 -4.8543E+0 -4.2658E+0 -3.1625E+0
-1.6343E+0  2.6188E-5  1.7163E+0  3.1382E+0  4.1188E+0  4.7685E+0  5.1976E+0  5.9330E+0
 6.5268E+0  6.9082E+0  7.6125E+0  8.5319E+0  9.5125E+0  1.0428E+1  1.1245E+1  1.2271E+1
 1.3435E+1  1.4688E+1  1.5997E+1  1.7529E+1  1.8620E+1  1.9417E+1  1.9526E+1  1.9577E+1
 1.9393E+1  1.8657E+1  1.7554E+1  1.6573E+1  1.5531E+1  1.4244E+1  1.3141E+1  1.2160E+1
 1.1118E+1  1.0537E+1  1.0646E+1  1.0505E+1  1.0199E+1  1.0996E+1  1.1910E+1  1.2999E+1
 1.3987E+1  1.4906E+1  1.4906E+1  1.4955E+1  1.5200E+1  1.5262E+1  1.5200E+1  1.5091E+1
 1.5188E+1  1.6107E+1  1.7174E+1  1.8338E+1  1.8720E+1  1.9294E+1  2.0643E+1  2.1329E+1
 2.1575E+1  2.0648E+1  1.9687E+1  1.8584E+1  1.7848E+1  1.7358E+1  1.6922E+1  1.6389E+1
 1.5470E+1  1.4808E+1  1.4318E+1  1.4011E+1  1.3566E+1  1.2912E+1  1.2062E+1  1.1082E+1
 1.0469E+1  1.0144E+1  1.0253E+1  1.0371E+1  1.0493E+1  1.1528E+1  1.2601E+1  1.3827E+1
 1.5090E+1  1.6377E+1  1.6976E+1  1.7456E+1  1.7456E+1  1.6647E+1  1.5298E+1  1.4992E+1
 1.4685E+1  1.4379E+1  1.5233E+1  1.6377E+1  1.7521E+1  1.8665E+1  1.9809E+1  2.0953E+1
 2.2163E+1  2.3634E+1  2.4190E+1  2.4135E+1  2.4075E+1  2.3879E+1  2.3144E+1  2.2653E+1
 2.2327E+1  2.1967E+1  2.1673E+1  2.1673E+1  2.2098E+1  2.2806E+1  2.3585E+1  2.4186E+1
 2.4002E+1  2.3667E+1  2.3231E+1  2.2849E+1  2.2666E+1  2.3217E+1  2.3569E+1  2.3787E+1
 2.3634E+1  2.3352E+1  2.2923E+1  2.2384E+1  2.1771E+1  2.1880E+1  2.2004E+1  2.2188E+1
 2.1857E+1  2.1182E+1  2.0311E+1  1.9564E+1  1.9319E+1  1.8853E+1  1.8240E+1  1.7382E+1
 1.7042E+1  1.7478E+1  1.8020E+1  1.8633E+1  1.8510E+1  1.8328E+1  1.8055E+1  1.7395E+1
 1.6475E+1  1.5985E+1  1.5838E+1  1.6205E+1  1.6758E+1  1.7358E+1  1.8093E+1  1.8665E+1
 1.8992E+1  1.9197E+1  1.9319E+1  1.9013E+1  1.8829E+1  1.8829E+1  1.9047E+1  1.9319E+1
 1.9442E+1  1.9540E+1  1.9601E+1  1.8872E+1  1.7946E+1  1.6353E+1  1.4734E+1  1.3079E+1
 1.1817E+1  1.0820E+1  1.0493E+1  1.0199E+1  9.9538E+0  9.9047E+0  9.9156E+0  9.9701E+0
 1.0076E+1  1.0260E+1  1.0640E+1  1.0971E+1  1.0910E+1  1.0787E+1  1.0624E+1  1.0689E+1
 1.0971E+1  1.1890E+1  1.2945E+1  1.4089E+1  1.5887E+1  1.7652E+1  1.8633E+1  1.9393E+1
 1.9822E+1  1.9466E+1  1.8807E+1  1.7717E+1  1.6573E+1  1.5348E+1  1.4759E+1  1.4416E+1
 1.4416E+1  1.4775E+1  1.5375E+1  1.6083E+1  1.6769E+1  1.7260E+1  1.7390E+1  1.7281E+1
 1.6867E+1  1.6524E+1  1.6769E+1  1.6606E+1  1.6170E+1  1.5494E+1  1.4869E+1  1.4685E+1
 1.4612E+1  1.4612E+1  1.4394E+1  1.4183E+1  1.3999E+1  1.3999E+1  1.4122E+1  1.4775E+1
 1.5433E+1  1.6107E+1  1.6855E+1  1.7652E+1  1.8142E+1  1.8620E+1  1.9049E+1  1.9405E+1
 1.9711E+1  2.0038E+1  2.0104E+1  1.9123E+1  1.8106E+1  1.7064E+1  1.6389E+1  1.5854E+1
 1.5527E+1  1.4882E+1  1.4023E+1  1.2981E+1  1.1942E+1  1.0907E+1  9.9047E+0  8.9240E+0
 8.2499E+0  7.5757E+0  6.9015E+0  6.3307E+0  5.7859E+0  5.7246E+0  5.7859E+0  6.0311E+0
 6.1673E+0  6.2762E+0  6.3988E+0  6.3988E+0  6.2149E+0  6.2763E+0  6.4505E+0  6.8320E+0
 7.5267E+0  8.6913E+0  9.5779E+0  1.0395E+1  1.0456E+1  1.0297E+1  9.8067E+0  9.2673E+0
 8.8478E+0  8.9567E+0  9.1692E+0  9.5369E+0  9.8557E+0  1.0112E+1  1.0166E+1  1.0101E+1
 9.8557E+0  9.1201E+0  8.4119E+0  8.3030E+0  8.2621E+0  8.3234E+0  8.5808E+0  8.9675E+0
 9.6759E+0  1.0273E+1  1.0702E+1  1.0542E+1  1.0162E+1  9.4879E+0  8.9567E+0  8.5209E+0
 8.0905E+0  7.5756E+0  6.7175E+0  5.8186E+0  4.8925E+0  4.3149E+0  3.9595E+0  4.1433E+0
 4.4784E+0  4.9142E+0  6.1783E+0  7.5880E+0  8.7524E+0  9.8393E+0  1.0875E+1  1.1425E+1
 1.1596E+1  1.0738E+1  1.0068E+1  9.5233E+0  9.6105E+0  9.9292E+0  1.0542E+1  1.1343E+1
 1.2269E+1  1.2503E+1  1.2503E+1  1.2258E+1  1.1833E+1  1.1289E+1  1.0444E+1  9.4143E+0
 7.9432E+0  6.6929E+0  5.5899E+0  4.8815E+0  4.1923E+0  3.5795E+0  2.7459E+0  1.7652E+0
 5.1223E-1 -4.9033E-1 -4.9033E-1 -6.7421E-1 -9.8074E-1 -1.9068E+0 -2.8561E+0 -3.8982E+0
-4.7931E+0 -5.5899E+0 -6.2640E+0 -6.9300E+0 -7.5839E+0 -8.2499E+0 -8.9239E+0 -9.1692E+0
-9.5125E+0 -1.0003E+1 -1.0898E+1 -1.2062E+1 -1.2859E+1 -1.3386E+1 -1.3509E+1 -1.3402E+1
-1.3239E+1 -1.2932E+1 -1.2920E+1 -1.3349E+1 -1.3784E+1 -1.4220E+1 -1.4281E+1 -1.4318E+1
-1.4318E+1 -1.4492E+1 -1.4710E+1 -1.4097E+1 -1.3558E+1 -1.3129E+1 -1.3697E+1 -1.4514E+1
-1.5311E+1 -1.5544E+1 -1.4931E+1 -1.3762E+1 -1.2455E+1 -1.1167E+1 -1.0068E+1 -9.2510E+0
-8.3357E+0 -7.3550E+0 -6.2517E+0 -5.2628E+0 -4.4457E+0 -3.7143E+0 -3.0400E+0 -2.8221E+0
-2.6110E+0 -2.4271E+0 -2.5375E+0 -2.8440E+0 -3.4568E+0 -4.1079E+0 -4.8162E+0 -5.0995E+0
-5.0995E+0 -5.0995E+0 -5.1240E+0 -5.2466E+0 -5.3692E+0 -5.4917E+0 -5.5530E+0 -5.5026E+0
-5.2847E+0 -4.4253E+0 -3.1381E+0 -2.5389E+0 -1.9736E+0 -1.5446E+0 -8.9485E-1 -9.8012E-2
 6.1018E-1  1.1891E+0  1.2503E+0  1.0542E+0  6.8651E-1  9.9292E-1  1.6344E+0  2.7786E+0
 4.0085E+0  5.2954E+0  6.4600E+0  7.2896E+0  7.6165E+0  7.6369E+0  7.4531E+0  7.0240E+0
 6.5487E+0  6.0039E+0  5.1241E+0  4.0207E+0  3.3465E+0  2.8439E+0  2.5988E+0  2.4626E+0
 2.3537E+0  3.5180E+0  4.6090E+0  5.5897E+0  5.9603E+0  6.1782E+0  6.2395E+0  5.9576E+0
 5.1608E+0  4.5220E+0  3.9228E+0  3.7388E+0  3.6039E+0  3.5426E+0  3.8791E+0  4.3149E+0
 4.3762E+0  4.2413E+0  3.8123E+0  2.9910E+0  2.2446E+0  2.1901E+0  2.3046E+0  2.6723E+0
 2.8439E+0  2.9093E+0  2.7459E+0  2.8438E+0  3.3342E+0  3.5304E+0  3.6176E+0  3.5631E+0
 3.8000E+0  4.4743E+0  4.9524E+0  5.3174E+0  5.4263E+0  5.5653E+0  5.7492E+0  6.2272E+0
 6.6440E+0  6.5214E+0  6.0474E+0  5.3391E+0  4.6092E+0  3.1625E+0  1.7530E+0  8.8263E-1
 2.5742E-1  7.3532E-2  3.2693E-2  8.7170E-2  9.8067E-2  1.7164E-1  5.3933E-1  1.0460E+0
 1.6454E+0  1.8142E+0  1.6425E+0  5.3940E-1 -7.1091E-1 -2.0594E+0 -3.9596E+0 -5.6880E+0
-7.1589E+0 -8.5931E+0 -1.0003E+1 -1.0187E+1 -1.0076E+1 -9.5247E+0 -8.6734E+0 -7.7473E+0
-8.2989E+0 -8.8260E+0 -9.3163E+0 -9.4580E+0 -9.5124E+0 -8.8996E+0 -8.4828E+0 -8.3602E+0
-8.6408E+0 -9.0221E+0 -9.5737E+0 -9.9783E+0 -1.0162E+1 -1.0248E+1 -1.0297E+1 -1.0297E+1
-1.0174E+1 -9.8680E+0 -9.5125E+0 -9.1311E+0 -8.6953E+0 -8.3112E+0 -8.0047E+0 -7.7963E+0
-7.5075E+0 -6.7993E+0 -5.9821E+0 -5.0014E+0 -4.2823E+0 -3.6286E+0 -4.0575E+0 -4.7808E+0
-5.9454E+0 -6.4233E+0 -6.6576E+0 -6.6031E+0 -6.5705E+0 -6.5705E+0 -7.1098E+0 -7.8330E+0
-8.7524E+0 -9.5778E+0 -1.0340E+1 -1.0787E+1 -1.0947E+1 -1.0272E+1 -9.6105E+0 -8.9568E+0
-8.6789E+0 -8.7893E+0 -1.0077E+1 -1.1695E+1 -1.3533E+1 -1.4296E+1 -1.4808E+1 -1.4318E+1
-1.3166E+1 -1.1572E+1 -1.0482E+1 -9.5983E+0 -9.5370E+0 -9.9170E+0 -1.0591E+1 -1.1511E+1
-1.2193E+1 -1.2520E+1 -1.2172E+1 -1.1376E+1 -9.8502E+0 -8.3234E+0 -6.7910E+0 -5.5530E+0
-4.5112E+0 -3.7484E+0 -2.9297E+0 -1.8876E+0 -1.3729E+0 -1.2095E+0 -1.3239E+0 -1.5446E+0
-1.9123E+0 -2.5006E+0 -3.2362E+0 -3.9717E+0 -4.3912E+0 -4.3367E+0 -3.6898E+0 -2.6477E+0
-1.4492E+0 -3.5555E-1  3.1871E-1  6.9874E-1  8.8260E-1  8.8260E-1  1.0420E+0  1.8388E+0
 2.7091E+0  3.6283E+0  5.3173E+0  6.7176E+0  6.9628E+0  6.3988E+0  5.2957E+0  3.8245E+0
 2.3289E+0  7.3560E-1 -1.0050E+0 -2.8439E+0 -3.8246E+0 -4.4130E+0 -4.4130E+0 -3.7878E+0
-2.7458E+0 -1.6425E+0 -8.7166E-1 -5.9928E-1 -1.4834E+0 -3.1384E+0 -5.4059E+0 -7.1342E+0
-8.0537E+0 -8.1068E+0 -7.9434E+0 -7.9434E+0 -7.7227E+0 -7.1711E+0 -6.5814E+0 -5.9821E+0
-6.5337E+0 -7.0608E+0 -7.5512E+0 -7.1261E+0 -6.4724E+0 -4.6948E+0 -3.0618E+0 -1.6454E+0
-1.5938E-1  1.3730E+0  2.1085E+0  2.3971E+0  2.0158E+0  1.4219E+0  6.8650E-1  9.3162E-1
 1.4709E+0  2.4517E+0  3.4691E+0  4.5109E+0  4.6745E+0  4.6213E+0  3.7019E+0  2.7458E+0
 1.7653E+0  6.0068E-1 -4.1683E-1 -1.2137E+0 -1.9396E+0 -2.6478E+0 -3.5059E+0 -4.3395E+0
-5.1361E+0 -5.8622E+0 -6.5705E+0 -6.9996E+0 -7.4041E+0 -7.7717E+0 -8.1395E+0 -8.6517E+0
-9.7412E+0 -1.1032E+1 -1.2626E+1 -1.3680E+1 -1.4440E+1 -1.4563E+1 -1.4220E+1 -1.3566E+1
-1.1621E+1 -9.6649E+0 -8.9567E+0 -8.3111E+0 -7.7594E+0 -7.7473E+0 -7.8998E+0 -8.1722E+0
-8.6299E+0 -9.3653E+0 -9.6105E+0 -9.6963E+0 -9.6350E+0 -9.2509E+0 -8.6517E+0 -7.7473E+0
-6.8102E+0 -6.0475E+0 -5.2466E+0 -4.3885E+0 -3.4760E+0 -2.5499E+0 -1.5079E+0 -1.1768E+0
-1.9123E+0 -2.9912E+0 -4.0644E+0 -4.7726E+0 -5.2711E+0 -5.4550E+0 -5.9821E+0 -6.5827E+0
-7.1343E+0 -7.4530E+0 -7.6165E+0 -7.5021E+0 -7.0608E+0 -5.5897E+0 -4.1188E+0 -2.6479E+0
-2.0594E+0 -1.8878E+0 -2.5008E+0 -3.3017E+0 -4.2278E+0 -5.2956E+0 -6.4602E+0 -7.8697E+0
-8.1396E+0 -7.6492E+0 -6.2870E+0 -5.0380E+0 -4.2414E+0 -4.1433E+0 -4.5111E+0 -5.0014E+0
-5.3447E+0 -5.0995E+0 -4.1923E+0 -2.8437E+0 -1.1005E+0  7.1091E-1  2.7950E+0  4.2496E+0
 5.2846E+0  6.0311E+0  6.5950E+0  6.7176E+0  6.6358E+0  6.4179E+0  5.5407E+0  4.6214E+0
 4.1924E+0  4.1678E+0  4.4130E+0  5.8841E+0  7.5760E+0  1.0150E+1  1.2618E+1  1.5015E+1
 1.6524E+1  1.7630E+1  1.8012E+1  1.8167E+1  1.7983E+1  1.7799E+1  1.7608E+1  1.7390E+1
 1.7309E+1  1.7431E+1  1.7309E+1  1.7051E+1  1.6500E+1  1.5854E+1  1.5146E+1  1.4220E+1
 1.3423E+1  1.3362E+1  1.3411E+1  1.3533E+1  1.3751E+1  1.3975E+1  1.4220E+1  1.4171E+1
 1.3925E+1  1.3490E+1  1.2957E+1  1.2038E+1  1.1302E+1  1.0689E+1  1.0689E+1  1.0776E+1
 1.0994E+1  1.1155E+1  1.1278E+1  1.1032E+1  1.0567E+1  9.7699E+0  8.8260E+0  7.8454E+0
 7.1099E+0  6.8401E+0  7.2692E+0  7.5511E+0  7.7690E+0  7.8780E+0  8.0905E+0  8.4583E+0
 8.7770E+0  8.9677E+0  8.6952E+0  8.2375E+0  7.5022E+0  6.0802E+0  4.4743E+0  2.8193E+0
 1.3729E+0  6.5411E-2 -8.8261E-1 -1.6304E+0 -1.9369E+0 -2.2801E+0 -2.6478E+0 -2.7568E+0
-2.9053E+0 -3.2117E+0 -3.8123E+0 -4.6091E+0 -5.2834E+0 -5.4917E+0 -5.0014E+0 -4.2169E+0
-3.2361E+0 -1.9492E+0 -7.6288E-1  2.7239E-1  1.4588E+0  2.7460E+0  3.5087E+0  4.1188E+0
 4.1188E+0  3.2730E+0  1.8635E+0 -2.8177E-1 -2.3536E+0 -4.3151E+0 -5.0995E+0 -5.5898E+0
-5.3446E+0 -4.5845E+0 -3.0521E+0 -2.2664E+0 -1.6671E+0 -1.4832E+0 -1.6917E+0 -2.4883E+0
-3.6066E+0 -4.8054E+0 -6.1536E+0 -7.1833E+0 -7.7349E+0 -8.0414E+0 -8.2267E+0 -8.1722E+0
-8.2866E+0 -8.6544E+0 -8.9241E+0 -9.1202E+0 -9.1202E+0 -8.5645E+0 -7.6382E+0 -6.2763E+0
-4.7946E+0 -3.2689E+0 -2.1084E+0 -1.4954E+0 -1.5200E+0 -1.8196E+0 -2.5824E+0 -3.1627E+0
-3.4691E+0 -2.9911E+0 -2.3863E+0 -2.0594E+0 -1.9123E+0 -2.0349E+0 -2.2065E+0 -2.5007E+0
-3.2363E+0 -4.0208E+0 -4.8380E+0 -5.6879E+0 -6.4602E+0 -6.8891E+0 -7.1343E+0 -7.2569E+0
-6.8211E+0 -6.3254E+0 -5.5899E+0 -4.8379E+0 -4.0751E+0 -4.0698E+0 -4.4497E+0 -5.6143E+0
-7.5880E+0 -1.0101E+1 -1.2246E+1 -1.3599E+1 -1.3762E+1 -1.2834E+1 -1.1180E+1 -9.1094E+0
-7.1220E+0 -5.4670E+0 -4.4456E+0 -3.8464E+0 -4.2169E+0 -4.8911E+0 -5.8104E+0 -6.6194E+0
-7.3550E+0 -7.5184E+0 -7.2695E+0 -5.3693E+0 -3.0074E+0 -3.3744E-1  2.2556E+0  4.4892E+0
 5.3610E+0  6.2763E+0  7.2568E+0  8.1504E+0  9.0222E+0  1.0370E+1  1.1768E+1  1.3239E+1
 1.4784E+1  1.6377E+1  1.6704E+1  1.6708E+1  1.5421E+1  1.3582E+1  1.1376E+1  9.1081E+0
 7.4040E+0  6.5459E+0  6.2872E+0  6.1782E+0  6.4846E+0  6.8156E+0  7.1834E+0  7.3005E+0
 7.3550E+0  6.6194E+0  5.5407E+0  3.9474E+0  2.1086E+0  1.7166E-1 -1.9124E+0 -3.7266E+0
-5.3609E+0 -6.9137E+0 -8.5319E+0 -1.0493E+1 -1.2749E+1 -1.5200E+1 -1.7713E+1 -1.9613E+1
-2.0594E+1 -2.0049E+1 -1.9123E+1 -1.6549E+1 -1.4132E+1 -1.1953E+1 -9.9415E+0 -8.0414E+0
-6.7884E+0 -5.4674E+0 -3.8737E+0 -2.5498E+0 -1.4058E+0 -1.4219E+0 -2.0226E+0 -3.8002E+0
-5.2302E+0 -6.4287E+0 -6.0801E+0 -4.8706E+0 -1.7654E+0  2.0345E+0  6.8769E+0  1.0199E+1
 1.3140E+1  1.2957E+1  1.1817E+1  9.2426E+0  5.7861E+0  2.5173E+0  8.8266E-1  1.2262E-1
 6.7429E-1  2.7461E+0  5.1975E+0  6.0557E+0  5.7613E+0  3.7390E+0  3.9260E-1 -3.2729E+0
-6.8894E+0 -9.5860E+0 -1.1670E+1 -1.1302E+1 -1.0253E+1 -8.1829E+0 -5.0012E+0 -1.0792E+0
 1.2640E+0  3.2117E+0  3.5794E+0  2.5499E+0  5.8829E-1 -3.0544E+0 -6.7666E+0 -9.9533E+0
-1.1855E+1 -1.3435E+1 -1.3987E+1 -1.3852E+1 -1.2687E+1 -1.0624E+1 -8.3354E+0 -5.9454E+0
-4.1625E+0 -3.2906E+0 -3.0155E+0 -3.1381E+0 -3.8735E+0 -4.7072E+0 -5.6879E+0 -6.2327E+0
-6.6685E+0 -5.9330E+0 -4.9278E+0 -3.5180E+0 -2.8875E+0 -2.4517E+0 -3.0646E+0 -4.0208E+0
-5.4915E+0 -6.8155E+0 -7.9679E+0 -8.5808E+0 -8.8260E+0 -8.8260E+0 -7.7963E+0 -6.5160E+0
-5.2630E+0 -4.1189E+0 -3.1382E+0 -3.2362E+0 -3.8492E+0 -5.4425E+0 -7.1587E+0 -8.9568E+0
-1.0052E+1 -1.0714E+1 -1.0346E+1 -9.3164E+0 -7.8453E+0 -6.5923E+0 -5.5040E+0 -5.0750E+0
-5.3814E+0 -6.1783E+0 -7.3223E+0 -8.4827E+0 -9.7086E+0 -1.0346E+1 -1.0591E+1 -9.1746E+0
-7.6614E+0 -5.7612E+0 -4.5968E+0 -3.9228E+0 -4.1951E+0 -4.4866E+0 -4.8543E+0 -4.8543E+0
-4.6091E+0 -3.5739E+0 -2.4024E+0 -6.8652E-1  9.1525E-1  2.4409E+0  3.1872E+0  3.3712E+0
 2.0840E+0  1.3480E-1 -2.2557E+0 -4.1554E+0 -5.5897E+0 -6.3252E+0 -6.1673E+0 -5.7860E+0
-6.3375E+0 -6.7666E+0 -7.0118E+0 -7.1044E+0 -7.1588E+0 -6.7298E+0 -6.3743E+0 -6.1291E+0
-5.7369E+0 -5.3937E+0 -5.3937E+0 -5.3201E+0 -5.1362E+0 -4.4620E+0 -3.6394E+0 -2.7131E+0
-2.0839E+0 -1.9001E+0 -2.1084E+0 -2.5252E+0 -3.3834E+0 -4.6092E+0 -6.0801E+0 -7.7963E+0
-9.1692E+0 -8.9240E+0 -8.0536E+0 -6.7667E+0 -5.8404E+0 -4.9400E+0 -4.1434E+0 -3.3834E+0
-2.6478E+0 -2.0486E+0 -1.3731E+0 -3.9235E-1  3.9228E-1  1.0461E+0  1.1768E+0  9.9300E-1
 7.3557E-2 -1.0666E+0 -2.3537E+0 -3.1504E+0 -3.5849E+0 -3.4759E+0 -3.0278E+0 -2.3537E+0
-1.9245E+0 -1.5581E+0 -1.2858E+0 -1.1400E+0 -1.0787E+0 -8.9486E-1 -5.2297E-1  1.3089E-1
 1.3121E+0  2.8447E+0  4.8665E+0  6.4722E+0  7.4530E+0  7.8085E+0  7.7472E+0  6.4600E+0
 5.3199E+0  4.4005E+0  3.6066E+0  2.8441E+0  2.1698E+0  1.5446E+0  9.9294E-1  6.8645E-1
 5.3939E-1  7.8458E-1  1.2749E+0  1.9285E+0  2.7947E+0  3.6719E+0  4.3803E+0  4.8053E+0
 4.8053E+0  4.1677E+0  3.2603E+0  1.9118E+0  7.1084E-1 -3.9196E-1 -1.2502E+0 -1.9395E+0
-2.3754E+0 -2.7336E+0 -3.0402E+0 -3.5305E+0 -4.0698E+0 -4.6825E+0 -4.8924E+0 -5.0014E+0
-3.9595E+0 -2.4189E+0 -1.3037E-1  2.1826E+0  4.5113E+0  5.1649E+0  5.7001E+0  5.7614E+0
 5.3447E+0  4.6091E+0  3.3219E+0  2.1791E+0  1.2528E+0  8.0903E-1  6.8650E-1  1.0541E+0
 1.3838E+0  1.6562E+0  1.6916E+0  1.5690E+0  1.4464E+0  1.4383E+0  1.6017E+0  1.7039E+0
 1.7652E+0  1.5200E+0  1.1523E+0  6.0060E-1  9.7963E-2 -3.9196E-1  5.2704E-1  1.1522E+0
 1.3361E+0  1.2422E+0  1.0787E+0  5.8835E-1  3.6778E-1  5.5167E-1  5.0123E-1  3.9230E-1
 1.4715E-1 -2.4509E-2 -8.5805E-2 -3.9227E-1 -7.9548E-1 -1.3404E+0 -1.6671E+0 -1.6671E+0
-1.3730E+0 -9.1546E-1 -9.8133E-2  8.3359E-1  1.9369E+0  2.7678E+0  3.5306E+0  4.0207E+0
 4.3639E+0  4.4865E+0  4.2932E+0  4.0207E+0  3.8981E+0  3.6774E+0  3.3097E+0  2.5004E+0
 1.5360E+0  3.9224E-1 -1.0295E+0 -2.8683E+0 -3.9717E+0 -4.6213E+0 -4.1923E+0 -2.8766E+0
-9.7032E-1  1.3722E+0  3.6717E+0  5.3608E+0  6.6440E+0  7.3183E+0  7.2787E+0  7.0608E+0
 7.1834E+0  7.0119E+0  6.3990E+0  6.1292E+0  5.9276E+0  5.6551E+0  5.5898E+0  5.8350E+0
 5.9330E+0  6.0039E+0  6.1128E+0  6.0311E+0  5.6634E+0  5.1975E+0  4.6962E+0  4.1514E+0
 3.8246E+0  3.8246E+0  4.0207E+0  4.4672E+0  5.7204E+0  7.0853E+0  8.6177E+0  8.9731E+0
 8.6950E+0  7.0610E+0  5.2961E+0  3.3347E+0  1.6673E+0  2.6972E-1 -3.4324E-1 -4.7806E-1
-2.9426E-1 -6.7568E-1 -1.1648E+0 -2.0838E+0 -2.5619E+0 -2.7458E+0 -2.0921E+0 -1.5813E+0
-1.6426E+0 -1.8143E+0 -2.0595E+0 -2.3863E+0 -2.7825E+0 -3.4567E+0 -4.4619E+0 -5.6879E+0
-6.2395E+0 -6.5705E+0 -6.5705E+0 -6.5705E+0 -6.5705E+0 -6.3866E+0 -6.1020E+0 -5.6661E+0
-5.1975E+0 -4.7072E+0 -4.4620E+0 -4.1405E+0 -3.7048E+0 -3.5304E+0 -3.5304E+0 -3.5917E+0
-3.6285E+0 -3.6285E+0 -3.7592E+0 -3.9229E+0 -4.7807E+0 -5.5651E+0 -6.2393E+0 -6.1564E+0
-5.8840E+0 -4.8420E+0 -3.6773E+0 -2.3288E+0 -1.4056E+0 -5.8865E-1 -1.1399E+0 -1.8386E+0
-2.7580E+0 -3.3343E+0 -3.6284E+0 -3.1380E+0 -2.6477E+0 -2.1576E+0 -1.9287E+0 -1.7652E+0
-1.9491E+0 -2.1329E+0 -2.3168E+0 -2.2065E+0 -2.0376E+0 -1.9287E+0 -1.9368E+0 -2.1206E+0
-2.8438E+0 -3.6829E+0 -4.4457E+0 -5.2222E+0 -6.0190E+0 -6.3253E+0 -6.3742E+0 -5.8841E+0
-5.0997E+0 -4.1189E+0 -3.2362E+0 -2.5497E+0 -2.5497E+0 -3.0074E+0 -3.7699E+0 -4.8539E+0
-5.9451E+0 -6.7419E+0 -6.9627E+0 -6.7993E+0 -5.7858E+0 -4.5230E+0 -3.1132E+0 -2.1901E+0
-1.5910E+0 -6.3761E-1  1.5938E-1 -2.4512E-2 -7.8463E-1 -1.9289E+0 -2.1575E+0 -1.9979E+0
-1.2014E+0 -5.5583E-1 -1.0950E-2  5.8839E-1  1.1768E+0  1.6672E+0  2.1575E+0  2.6476E+0
 2.7949E+0  2.8317E+0  2.7704E+0  2.1943E+0  1.2749E+0  7.3000E-1  1.9603E-1 -2.9434E-1
-8.5812E-1 -1.4708E+0 -2.5127E+0 -3.6282E+0 -4.8541E+0 -5.2738E+0 -5.4917E+0 -5.5530E+0
-5.6389E+0 -5.7614E+0 -6.0311E+0 -6.2871E+0 -6.3416E+0 -6.3253E+0 -6.2027E+0 -5.7859E+0
-5.3173E+0 -4.9361E+0 -4.7562E+0 -4.8788E+0 -5.2955E+0 -5.8104E+0 -6.4233E+0 -6.5378E+0
-6.3198E+0 -5.4424E+0 -4.4619E+0 -3.7267E+0 -3.2363E+0 -2.9093E+0 -2.8930E+0 -2.9420E+0
-2.9420E+0 -2.6804E+0 -2.2445E+0 -1.8633E+0 -1.4344E+0 -7.6015E-1 -6.8643E-1 -1.0134E+0
-1.4220E+0 -1.9615E+0 -2.9422E+0 -3.5181E+0 -3.8245E+0 -4.4237E+0 -4.7931E+0 -4.2414E+0
-3.5794E+0 -2.8439E+0 -2.6260E+0 -2.5498E+0 -3.0400E+0 -3.6038E+0 -4.2167E+0 -4.1556E+0
-3.0729E+0 -4.5744E-1  2.1253E+0  4.6862E+0  6.0311E+0  6.6933E+0  5.8351E+0  4.0211E+0
 1.5692E+0 -1.0665E+0 -3.2118E+0 -4.6216E+0 -5.1648E+0 -5.4916E+0 -4.8790E+0 -4.1680E+0
-3.3099E+0 -3.3125E+0 -3.5304E+0 -4.0208E+0 -4.4866E+0 -4.9157E+0 -4.6582E+0 -4.3258E+0
-4.3803E+0 -4.4865E+0 -4.6704E+0 -4.8053E+0 -4.9033E+0 -4.9033E+0 -4.8788E+0 -4.8175E+0
-4.6582E+0 -4.4566E+0 -4.1842E+0 -4.0698E+0 -4.1924E+0 -3.9716E+0 -3.4974E+0 -2.3537E+0
-1.3731E+0 -6.3754E-1  3.8133E-1  1.4711E+0  2.3292E+0  2.6477E+0  2.1573E+0  2.4517E-1
-1.8628E+0 -3.3339E+0 -3.6939E+0 -3.3125E+0 -1.8631E+0 -1.3047E-1  1.6676E+0  3.2364E+0
 4.4618E+0  4.8815E+0  5.0994E+0  4.9156E+0  4.6826E+0  4.3762E+0  5.0122E+0  5.8837E+0
 6.8031E+0  7.5755E+0  8.1272E+0  7.8018E+0  7.2568E+0  6.3374E+0  5.6142E+0  5.1851E+0
 5.3937E+0  5.7423E+0  6.0147E+0  6.1047E+0  5.9208E+0  5.6878E+0  5.4481E+0  5.2302E+0
 4.9768E+0  4.6705E+0  4.2660E+0  3.7757E+0  3.0401E+0  2.7786E+0  2.8330E+0  2.5006E+0
 2.1452E+0  2.0839E+0  1.8960E+0  1.6236E+0  1.0788E+0  5.2711E-1  2.2063E-1  5.8854E-1
 1.4059E+0  2.0594E+0  2.5497E+0  2.5497E+0  1.8880E+0  7.8463E-1 -5.7755E-1 -1.9738E+0
-3.5062E+0 -4.3763E+0 -4.8051E+0 -4.3149E+0 -3.6287E+0 -2.6479E+0 -1.4465E+0 -9.8023E-2
 6.1032E-1  1.3609E+0  2.2799E+0  3.1624E+0  4.0205E+0  5.1102E+0  6.2150E+0  7.3796E+0
 7.9434E+0  8.1069E+0  7.6002E+0  6.7915E+0  5.4430E+0  4.8298E+0  4.7072E+0  5.2520E+0
 5.8228E+0  6.4971E+0  6.9506E+0  7.2568E+0  6.8755E+0  6.4725E+0  5.9821E+0  5.7859E+0
 5.7859E+0  6.0924E+0  6.4070E+0  6.7338E+0  7.1219E+0  7.5510E+0  7.7350E+0  7.6056E+0
 7.0063E+0  5.7366E+0  4.0205E+0  2.9172E+0  2.2310E+0  2.1697E+0  2.5496E+0  3.0400E+0
 3.3465E+0  3.4814E+0  3.3588E+0  3.2852E+0  3.1926E+0  2.9747E+0  3.0154E+0  3.4445E+0
 3.9716E+0  4.3912E+0  4.2822E+0  4.1678E+0  4.0452E+0  3.1382E+0  2.0353E+0  9.3193E-1
-3.9198E-1 -1.8631E+0 -2.6805E+0 -3.3465E+0 -3.4078E+0 -2.8437E+0 -1.8630E+0 -1.1550E+0
-3.5571E-1  8.0892E-1  1.4220E+0  1.6671E+0  1.3947E+0  1.0540E+0  4.4109E-1 -2.8204E-1
-1.0785E+0 -2.3656E+0 -3.5793E+0 -4.6826E+0 -5.8187E+0 -6.9629E+0 -8.0049E+0 -8.9977E+0
-9.9167E+0 -1.0395E+1 -1.0700E+1 -1.0755E+1 -1.0812E+1 -1.0873E+1 -1.1180E+1 -1.1486E+1
-1.1547E+1 -1.1376E+1 -1.1049E+1 -1.0395E+1 -9.6351E+0 -8.7769E+0 -7.9433E+0 -7.1260E+0
-6.9627E+0 -6.9750E+0 -7.0363E+0 -7.3549E+0 -7.8453E+0 -7.7963E+0 -7.5020E+0 -6.7665E+0
-5.8513E+0 -4.8165E+0 -3.2857E+0 -1.7532E+0 -7.1113E-1  3.2667E-2  5.7755E-1  3.4316E-1
-1.5955E-1 -9.5640E-1 -1.4711E+0 -1.7978E+0 -2.1084E+0 -2.2433E+0 -1.6916E+0 -1.2503E+0
-8.8253E-1 -4.4663E-1  1.4584E-4  4.9028E-1  1.1440E+0  1.9068E+0  2.6968E+0  3.4324E+0
 3.9227E+0  4.3149E+0  4.6417E+0  5.5895E+0  6.6683E+0  7.6490E+0  8.0415E+0  8.0415E+0
 8.1886E+0  8.2006E+0  7.5264E+0  6.8523E+0  6.1784E+0  5.5245E+0  4.8911E+0  4.3394E+0
 4.1924E+0  4.3150E+0  4.7509E+0  5.1731E+0  5.5407E+0  5.2467E+0  4.5112E+0  3.5918E+0
 2.8003E+0  2.2010E+0  1.7406E+0  1.3729E+0  1.3116E+0  1.3484E+0  1.5322E+0  1.6998E+0
 1.8633E+0  2.2923E+0  2.6478E+0  2.8930E+0  2.8984E+0  2.8439E+0  2.1086E+0  1.3240E+0
 4.6589E-1 -4.9027E-2 -2.3967E-1  5.2317E-1  1.6918E+0  3.4686E+0  4.8267E+0  6.0799E+0
 6.7543E+0  6.8892E+0  6.2149E+0  5.3390E+0  4.4127E+0  3.4937E+0  2.9665E+0  3.0278E+0
 3.8244E+0  4.8379E+0  5.9821E+0  6.8402E+0  7.2693E+0  6.9626E+0  6.3304E+0  5.1322E+0
 3.8493E+0  2.4395E+0  1.9613E+0  1.8142E+0  2.0594E+0  2.3209E+0  2.5932E+0  2.7948E+0
 2.8808E+0  2.5743E+0  2.3536E+0  2.1901E+0  1.7161E+0  1.2381E+0  1.0542E+0  9.8066E-1
 9.8066E-1  1.1985E+0  1.3852E+0  1.4465E+0  1.3607E+0  1.1768E+0  1.5583E+0  2.0474E+0
 2.9664E+0  3.5548E+0  3.9226E+0  3.4868E+0  2.9542E+0  2.0348E+0  1.7039E+0  1.7655E+0
 2.9093E+0  4.1307E+0  5.6631E+0  7.0934E+0  8.4556E+0  9.8068E+0  1.0849E+1  1.0665E+1
 9.7084E+0  8.2378E+0  5.7374E+0  3.0648E+0  7.3555E-1 -5.6391E-1 -1.1767E+0 -6.8637E-1
 4.3714E-2  1.1330E+0  2.1940E+0  3.2360E+0  4.0534E+0  4.7562E+0  5.0014E+0  5.0668E+0
 5.0123E+0  4.8053E+0  4.5479E+0  4.2414E+0  3.9717E+0  3.7265E+0  3.4541E+0  3.1503E+0
 2.7212E+0  2.3658E+0  2.0595E+0  1.4058E+0  7.9683E-1  3.6776E-1  3.0647E-1  4.9033E-1
 4.3584E-1  3.3089E-1  2.4559E-2 -6.1307E-2 -1.1224E-5  0.0000E+0  2.1792E-2  7.6280E-2
 6.1279E-2  5.0482E-5  1.8385E-1  4.2485E-1  7.5178E-1  1.0927E+0  1.4954E+0  2.1084E+0
 2.5497E+0  2.8767E+0  2.5006E+0  1.8508E+0  8.0922E-1 -4.1640E-1 -1.7649E+0 -1.7652E+0
-1.6916E+0 -1.3239E+0 -1.3607E+0 -1.6672E+0 -1.7761E+0 -1.8388E+0 -1.7162E+0 -1.3403E+0
-7.9542E-1 -9.7988E-2  5.8849E-1  1.0789E+0  1.2749E+0  1.2749E+0  1.6670E+0  2.2990E+0
 3.4977E+0  4.5847E+0  5.5042E+0  6.4726E+0  7.3115E+0  7.5838E+0  7.2081E+0  5.8596E+0
 4.1384E+0  2.3238E+0  1.9123E+0  1.9942E+0  2.6478E+0  3.1381E+0  3.3833E+0  3.3833E+0
 3.3234E+0  3.2689E+0  3.2607E+0  3.3220E+0  3.2852E+0  3.2974E+0  3.6039E+0  3.8246E+0
 3.9880E+0  3.8736E+0  3.7020E+0  3.5794E+0  3.5304E+0  3.5304E+0  2.6480E+0  1.7039E+0
 1.3975E+0  1.5691E+0  2.0594E+0  2.1139E+0  2.0838E+0  1.7162E+0  1.0177E+0  9.8235E-2
-5.1478E-1 -8.1722E-1 -6.5376E-1 -2.2053E-1  3.9260E-1  1.6179E+0  2.6149E+0  3.2688E+0
 3.3098E+0  2.9420E+0  1.9613E+0  9.0698E-1 -2.5764E-1 -1.2751E+0 -2.0703E+0 -2.1248E+0
-1.9614E+0 -1.4711E+0 -1.0787E+0 -6.8645E-1 -1.9605E-1  3.4340E-1  9.5636E-1  1.5691E+0
 2.0812E+0  2.1901E+0  2.1084E+0  1.7407E+0  9.3153E-1 -3.6984E-2 -1.2016E+0 -1.6998E+0
-1.7543E+0 -7.3575E-1  6.3179E-1  2.3209E+0  3.8738E+0  5.2223E+0  5.0503E+0  4.3759E+0
 3.2119E+0  2.5171E+0  2.1357E+0  2.1575E+0  2.3413E+0  2.7704E+0  3.1055E+0  3.3779E+0
 2.6968E+0  1.6186E+0 -9.7713E-2 -1.5566E+0 -2.8438E+0 -3.3343E+0 -3.4105E+0 -2.8656E+0
-1.8755E+0 -5.8887E-1  2.0816E-1  5.7756E-1  3.0512E-1 -9.8076E-2 -5.8844E-1 -1.0788E+0
-1.2503E+0 -9.4380E-1 -4.9029E-1 -1.0472E-4 -6.1283E-2 -2.9417E-1 -7.8453E-1 -1.1877E+0
-1.5692E+0 -2.0596E+0 -2.4517E+0 -2.6968E+0 -2.5498E+0 -2.1903E+0 -1.3729E+0 -1.2242E-1
 1.7778E+0  3.3777E+0  4.9028E+0  5.5773E+0  5.8595E+0  5.5531E+0  5.2738E+0  5.0014E+0
 5.0014E+0  5.1486E+0  5.5164E+0  5.5408E+0  5.5570E+0  5.8839E+0  5.9821E+0  5.7369E+0
 4.7561E+0  3.5547E+0  2.2062E+0  1.6344E+0  1.5800E+0  2.1573E+0  2.8194E+0  3.1871E+0
 3.4650E+0  3.6830E+0  4.2660E+0  4.7930E+0  4.7317E+0  3.3472E+0  1.0793E+0 -6.5242E-2
-6.6195E-1  9.3174E-1  2.6358E+0  4.4130E+0  4.4130E+0  4.0581E+0  2.2805E+0 -6.7359E-1
-4.4127E+0 -5.4549E+0 -4.6825E+0 -1.1886E+0  3.2155E+0  7.8460E+0  9.6433E+0  1.0861E+1
 9.7577E+0  8.2499E+0  6.4723E+0  4.6334E+0  2.5492E+0  9.7384E-2 -1.5690E+0 -2.5392E+0
-1.5039E+0 -4.6592E-1  5.7611E-1  1.0025E+0  1.2747E+0  6.0046E-1 -4.4157E-1 -2.0345E+0
-3.9222E+0 -5.7489E+0 -7.0361E+0 -7.1589E+0 -6.5050E+0 -4.9030E+0 -3.4201E+0 -3.3588E+0
-3.9228E+0 -4.9032E+0 -6.2761E+0 -7.4898E+0 -7.6737E+0 -6.9381E+0 -5.5897E+0 -5.1540E+0
-4.9888E+0 -5.9083E+0 -6.9012E+0 -7.9433E+0 -8.2498E+0 -7.9978E+0 -6.9081E+0 -5.6998E+0
-4.4130E+0 -4.5764E+0 -4.8786E+0 -5.7368E+0 -6.5582E+0 -7.3550E+0 -7.2460E+0 -6.8765E+0
-5.4667E+0 -4.6091E+0 -4.1189E+0 -5.3717E+0 -6.6072E+0 -7.7718E+0 -7.7962E+0 -7.0606E+0
-5.8623E+0 -4.6341E+0 -3.2856E+0 -2.3210E+0 -1.6127E+0 -1.0297E+0 -6.8652E-1 -1.1769E+0
-1.5364E+0 -1.8087E+0 -1.3731E+0 -8.4994E-1 -6.8647E-1 -6.8648E-1 -9.3166E-1 -9.3162E-1
-8.6078E-1 -7.5185E-1 -8.0897E-1 -1.1155E+0 -1.5200E+0 -1.8878E+0 -2.0104E+0 -2.2229E+0
-2.4953E+0 -2.8439E+0 -3.2605E+0 -3.8735E+0 -4.1188E+0 -4.1188E+0 -3.3833E+0 -2.3425E+0
-8.1683E-1  5.1502E-1  1.5566E+0  9.3190E-1 -1.4144E-1 -1.3402E+0 -1.7161E+0 -8.5797E-1
 8.8307E-1  2.8445E+0  4.3149E+0  5.0505E+0  4.6827E+0  3.7811E+0  2.7459E+0  2.5620E+0
 2.9748E+0  4.2819E+0  5.6874E+0  7.1585E+0  6.9137E+0  6.1565E+0  4.6308E+0  2.8069E+0
 7.8415E-1 -9.9343E-1 -2.1575E+0 -2.4026E+0 -1.4495E+0 -1.9625E-1  9.0709E-1  1.5691E+0
 1.5691E+0  1.0459E+0  3.9195E-1 -4.6578E-1 -1.4952E+0 -2.7824E+0 -3.8245E+0 -4.8053E+0
-4.6827E+0 -4.4619E+0 -4.0942E+0 -3.9771E+0 -3.9227E+0 -3.8001E+0 -3.6775E+0 -3.5549E+0
-2.8765E+0 -2.0592E+0 -1.3237E+0 -1.1224E+0 -1.7216E+0 -2.0716E+0 -2.2555E+0 -2.1329E+0
-2.0594E+0 -2.0594E+0 -2.2434E+0 -2.5495E+0 -2.0594E+0 -1.2207E+0  1.4151E-1  1.1278E+0
 1.8632E+0  1.2503E+0  3.5950E-1 -9.4766E-1 -2.0223E+0 -2.9418E+0 -2.7582E+0 -2.4299E+0
-1.8850E+0 -1.2625E+0 -5.8824E-1  1.4731E-1  8.7185E-1  1.5799E+0  1.9368E+0  2.0594E+0
 1.5690E+0  1.1400E+0  9.5611E-1  9.1939E-1  9.8063E-1  8.7169E-1  7.6003E-1  6.3744E-1
 8.8259E-1  1.3730E+0  2.4083E+0  3.3834E+0  4.1186E+0  4.3476E+0  4.2387E+0  3.4814E+0
 2.6846E+0  2.3781E+0  2.1084E+0  1.8632E+0  1.4274E+0  9.5634E-1  3.4338E-1  1.7160E-1
 2.9419E-1 -8.7183E-2 -5.1494E-1 -1.1279E+0 -1.8144E+0 -2.5497E+0 -2.4408E+0 -2.3658E+0
-2.4271E+0 -2.4517E+0 -2.4516E+0 -1.9612E+0 -1.4954E+0 -1.1278E+0 -1.0909E+0 -1.2748E+0
-1.7107E+0 -2.1697E+0 -2.7214E+0 -2.5742E+0 -1.9612E+0 -1.4166E+0 -9.1947E-1 -6.1299E-1
-3.9229E-1 -2.2882E-1  2.4521E-1  7.8461E-1  1.2750E+0  1.6917E+0  1.9980E+0  2.6966E+0
 3.4214E+0  3.8573E+0  4.1678E+0  4.2904E+0  4.1678E+0  3.8680E+0  3.1055E+0  2.4763E+0
 2.0472E+0  1.8633E+0  1.8197E+0  2.0921E+0  2.3782E+0  2.6847E+0  2.5988E+0  2.0355E+0
-4.8540E-2 -1.9284E+0 -3.6720E+0 -5.1976E+0 -6.3743E+0 -6.3743E+0 -5.6224E+0 -4.3697E+0
-2.1090E+0  1.7414E-1  1.5363E+0  1.9367E+0  8.9469E-1 -1.1773E+0 -3.3223E+0 -4.7314E+0
-5.1118E+0 -4.8053E+0 -3.3344E+0 -1.8850E+0 -5.2284E-1  4.1686E-1  7.2334E-1 -4.4130E-1
-2.0221E+0 -3.7997E+0 -5.2464E+0 -6.4723E+0 -6.3089E+0 -5.9206E+0 -4.6334E+0 -3.1053E+0
-1.4169E+0 -1.9639E-1  5.8848E-1  9.8108E-2 -4.5766E-1 -1.0570E+0 -1.4711E+0 -1.7284E+0
-1.5446E+0 -1.4057E+0 -1.2967E+0 -7.3555E-1  1.2254E-2  1.0543E+0  1.9615E+0  2.7788E+0
 3.1381E+0  3.3234E+0  3.2689E+0  3.0156E+0  2.4639E+0  2.0594E+0  1.8197E+0  2.0922E+0
 2.4272E+0  2.8561E+0  2.3538E+0  1.6060E+0  8.0912E-1  2.9419E-1 -3.2737E-2  4.4145E-1
 1.0898E+0  1.6344E+0  2.0103E+0  2.1329E+0  1.0788E+0 -1.8387E-1 -1.1033E+0 -1.6999E+0
-2.0813E+0 -1.6671E+0 -9.0753E-1  4.4098E-1  1.5363E+0  2.4626E+0  2.3536E+0  1.7282E+0
 7.3184E-2 -1.2749E+0 -2.4187E+0 -2.6478E+0 -2.5866E+0 -2.2801E+0 -1.8959E+0 -1.4600E+0
-7.3532E-1  9.8268E-2  1.0785E+0  1.6344E+0  1.9068E+0  2.0594E+0  2.0349E+0  1.4219E+0
 1.4057E+0  1.7871E+0  2.6968E+0  3.6174E+0  4.0533E+0  3.8982E+0  2.8562E+0  1.7161E+0
 6.4959E-1 -2.4666E-2 -1.9612E-1 -3.2726E-2  5.3921E-1  1.2625E+0  2.1819E+0  2.9093E+0
 3.5087E+0  3.5794E+0  3.4322E+0  2.9421E+0  3.2033E+0  3.9661E+0  4.6581E+0  5.2193E+0
 5.3283E+0  5.1238E+0  4.4496E+0  3.9717E+0  3.7264E+0  4.2167E+0  5.7203E+0  7.8998E+0
 9.5126E+0  1.0984E+1  1.1658E+1  1.1964E+1  1.1719E+1  1.0929E+1  1.0003E+1  1.0125E+1
 1.0125E+1  9.9415E+0  9.6432E+0  9.3164E+0  9.8065E+0  1.0566E+1  1.1731E+1  1.2574E+1
 1.3337E+1  1.3337E+1  1.3092E+1  1.2479E+1  1.1964E+1  1.1474E+1  1.1841E+1  1.2136E+1
 1.2320E+1  1.2269E+1  1.2160E+1  1.0995E+1  9.9536E+0  9.0958E+0  8.7498E+0  8.5318E+0
 8.9608E+0  9.5125E+0  1.0248E+1  1.0787E+1  1.1277E+1  1.1155E+1  1.0763E+1  9.9661E+0
 9.3708E+0  8.8260E+0  8.6421E+0  8.4337E+0  8.1885E+0  7.4531E+0  6.5925E+0  5.7207E+0
 4.8053E+0  3.8246E+0  3.1871E+0  2.4882E+0  1.2010E+0 -9.8160E-2 -1.4053E+0 -1.8142E+0
-1.7776E+0 -8.5816E-1  1.6347E-1  1.2532E+0  1.1767E+0  8.8260E-1  8.8260E-1  7.8458E-1
 6.2111E-1  7.3548E-1  1.0052E+0  1.6181E+0  2.6153E+0  3.8686E+0  5.3393E+0  6.8643E+0
 8.0903E+0  9.7329E+0  1.2001E+1  1.5593E+1  1.9516E+1  2.2838E+1  2.5644E+1  2.6380E+1
 2.4505E+1  2.0888E+1  1.1783E+1  6.1707E-1 -1.2132E+1 -2.5721E+1 -3.5255E+1 -4.2419E+1
-4.4163E+1 -4.2290E+1 -3.4999E+1 -2.2559E+1 -8.8277E+0  6.3260E+0  2.1479E+1  3.4519E+1
 4.1267E+1  4.2021E+1  3.9201E+1  3.1631E+1  2.1810E+1  1.0393E+1  1.7502E+0 -4.1437E+0
-5.9204E+0 -2.9646E+0  1.1765E+0  6.3529E+0  1.0505E+1  1.0567E+1  7.2812E+0  1.7672E+0
-6.9176E+0 -1.3813E+1 -1.9514E+1 -1.9842E+1 -1.9098E+1 -1.4072E+1 -6.4381E+0  2.9339E+0
 1.0477E+1  1.7563E+1  2.2089E+1  2.1378E+1  1.4390E+1  5.2927E+0 -6.9649E+0 -1.5914E+1
-2.2433E+1 -2.5313E+1 -2.2578E+1 -1.8437E+1 -1.0536E+1 -2.8432E+0  4.0194E+0  9.8380E+0
 1.4088E+1  1.6340E+1  1.7260E+1  1.5543E+1  1.3288E+1  1.0223E+1  7.6493E+0  5.1983E+0
 3.6656E+0  3.0399E+0  3.7755E+0  4.8815E+0  6.0801E+0  5.7123E+0  4.0197E+0  3.4198E-1
-4.8054E+0 -1.0014E+1 -1.3998E+1 -1.5188E+1 -1.4514E+1 -9.3923E+0 -4.1836E+0  1.3719E+0
 5.4258E+0  7.2239E+0  6.6565E+0  4.5111E+0 -6.7232E-1 -5.6512E+0 -1.0493E+1 -1.1801E+1
-1.2196E+1 -8.9491E+0 -4.4470E+0  8.9281E-1  3.1381E+0  4.6088E+0  1.6053E+0 -1.8644E+0
-6.0325E+0 -9.2674E+0 -1.1535E+1 -1.0861E+1 -9.1858E+0 -6.8428E+0 -4.4127E+0 -2.1246E+0
%-4.9065E-1  7.3529E-1  1.3482E+0  1.0788E+0  5.8841E-1 -8.5837E-2 -6.3747E-1 -1.0053E+0
%-7.7365E-1 -3.9239E-1 -6.3737E-1 -1.3972E+0 -2.9296E+0 -3.3343E+0  0          0
 
